1492408997.5,7.35, -433.53, -379.12
1492408997.5,-250.58, -180.66, , -588.24, -151.18, -425.30, -372.94
1492408997.5,-206.00, -333.48, -421.86, -300.30, -503.24, -177.35, -433.53, -379.12
1492408997.5,-250.58, -180.66, , -588.24, -151.18, -425.30, -372.94
1492408997.5,-206.00, -333.48, -421.86, -300.30, -503.24, -177.35, -433.53, -379.12
1492408998.4,-250.58, -180.66, -1091.72, 31.21, -608.43, -761.20, 20.00, -417.35, -366.47, -331.18
1492408998.67,-1086.00, 30.64, -600.14, -682.39, 15.29, -397.94, -361.77, -326.47
1492408998.95,-1011.15, 28.95, -560.43, -620.00, 15.59, -376.18, -349.71, -312.35
1492408999.22,-928.58, 27.53, -522.43, -485.08, 2.94, -303.53, -328.24, -258.83
1492408999.59,-652.00, 25.27, -341.86, -213.44, -17.94, -300.88, -96.47, -30.59
1492408999.96,-680.86, -93.65, -305.57, -146.57, -830.30, -317.35, -25.59, -11.77
1492409000.32,-582.58, -1226.42, -377.86, -115.23, -1478.24, -404.71, -1.47, -28.83
1492409000.69,-387.43, -2151.84, -466.14, -94.93, -1790.00, -503.83, -27.06, -115.59
1492409001.05,-319.43, -2176.42, -477.57, -79.11, -1404.41, -519.12, -147.35, -61.18
1492409001.42,-230.29, -2141.96, -552.14, -180.60, -1565.88, -604.41, -39.41, -54.12
1492409001.78,-168.29, -1562.01, -508.71, -168.06, -1207.65, -479.71, -23.53, -53.53
1492409002.06,-98.86, -1448.74, -499.86, -160.30, -1155.88, -462.94, -44.12, -84.41
1492409002.24,-109.15, -1536.03, -491.29, -178.81, -1230.30, -448.53, -21.77, -23.24
1492409002.43,-177.15, -1772.47, -453.29, -205.98, -1297.94, -357.94, -36.18, -20.88
1492409002.61,-312.29, -1945.63, -449.29, -384.78, -1360.00, -294.71, -57.35, -53.24
1492409002.88,-498.86, -1540.55, -529.57, -603.29, -925.88, -318.24, -302.65, -332.06
1492409003.16,-657.15, -555.23, -771.86, -1444.18, -203.53, -399.71, -884.71, -919.41
1492409003.52,-801.15, -371.90, -1045.57, -2229.86, -197.65, -489.71, -1099.12, -911.47
1492409003.89,-888.58, -531.51, -856.71, -1665.98, -172.65, -468.24, -1236.18, -1015.00
1492409004.25,-884.58, -159.75, -895.29, -1862.39, -62.35, -433.24, -975.00, -900.59
1492409004.71,-870.86, -200.15, -925.00, -2002.69, -51.77, -494.71, -917.65, -755.00
1492409005.08,-876.00, -123.60, -888.43, -1736.12, -37.06, -396.77, -690.30, -569.71
1492409005.44,-904.58, -67.38, -965.00, -2119.71, -26.18, -476.18, -762.06, -624.71
1492409005.81,-1054.58, -141.68, -1103.00, -2695.23, -40.88, -552.06, -961.47, -902.06
1492409006.08,-1033.72, -135.74, -1097.86, -2716.42, -33.82, -558.24, -981.77, -905.59
1492409006.45,-1021.72, -95.06, -1043.86, -2493.44, -27.06, -509.71, -962.65, -859.71
1492409006.72,-952.58, -49.02, -977.29, -2241.20, -27.06, -462.06, -929.71, -808.83
1492409007.0,-906.58, -66.53, -966.43, -2168.36, -32.94, -451.18, -860.59, -774.71
1492409007.27,-867.43, -56.93, -916.43, -2047.47, -40.59, -449.12, -835.59, -760.59
1492409007.55,-871.15, -51.28, -922.43, -2058.21, -34.41, -448.53, -829.12, -742.65
1492409007.82,-935.43, -65.12, -932.43, -2143.89, -33.53, -469.71, -851.47, -766.47
1492409008.19,-999.15, -96.19, -964.71, -2331.95, -32.94, -494.12, -1055.59, -919.41
1492409008.64,-980.00, -93.65, -997.57, -2402.99, -22.06, -491.18, -985.00, -871.47
1492409009.01,-884.00, -40.55, -960.71, -2253.44, -21.47, -456.77, -1056.18, -915.30
1492409009.37,-893.72, -40.83, -1011.57, -2425.68, -14.12, -499.71, -1051.18, -940.88
1492409009.83,-886.58, -31.79, -987.00, -2334.63, -12.06, -482.65, -1059.12, -942.06
1492409010.2,-896.00, -17.10, -990.71, -2379.71, -9.71, -473.53, -1148.82, -1019.71
1492409010.66,-904.29, -12.58, -1007.29, -2543.29, -7.06, -469.12, -1515.00, -1306.77
1492409010.93,-840.29, -11.73, -1005.00, -2680.30, -3.53, -468.53, -1787.06, -1505.88
1492409011.21,-852.29, -1.56, -1003.00, -2630.15, -3.24, -476.47, -1821.47, -1510.00
1492409011.57,-800.58, -11.17, -1010.71, -2655.83, -5.00, -512.65, -1873.53, -1584.71
1492409011.94,-812.29, -38.00, -1119.29, -2546.57, -14.41, -495.30, -1654.41, -1432.65
1492409012.3,-802.00, -23.88, -826.14, -2242.09, -13.82, -403.24, -1518.24, -1324.41
1492409012.67,-785.15, 7.48, -725.29, -1853.14, -10.59, -396.77, -1432.06, -1253.53
1492409013.04,-767.43, 9.45, -738.14, -1837.92, -9.12, -384.71, -1428.82, -1252.06
1492409013.4,-768.86, 10.02, -752.71, -2040.00, -8.82, -420.88, -1514.71, -1252.94
1492409013.77,-824.29, -0.43, -783.57, -2125.98, -8.24, -449.41, -1509.71, -1249.41
1492409014.04,-816.00, 6.35, -803.29, -2168.96, -6.47, -454.41, -1501.77, -1247.06
1492409014.4,-811.72, -0.15, -802.43, -2177.32, -5.88, -459.41, -1513.53, -1232.94
1492409014.77,-856.29, 11.43, -781.00, -2114.03, -5.30, -437.94, -1487.35, -1239.12
1492409015.23,-836.29, 12.28, -790.14, -2134.63, -4.41, -442.06, -1449.71, -1228.53
1492409015.6,-846.00, 13.69, -771.00, -2135.53, -4.12, -448.53, -1439.12, -1197.35
1492409015.96,-864.00, 9.74, -777.29, -2153.14, -4.71, -459.41, -1430.00, -1204.41
1492409016.24,-878.58, 12.00, -777.29, -2147.77, -4.12, -463.53, -1425.88, -1185.59
1492409016.51,-856.86, 13.97, -762.14, -2116.72, -3.82, -455.00, -1414.71, -1192.06
1492409016.97,-836.29, 15.67, -770.14, -2053.14, -3.24, -430.30, -1354.12, -1162.94
1492409017.42,-800.29, 17.36, -781.00, -1985.68, -2.65, -434.41, -1285.30, -1125.00
1492409017.79,-809.43, 10.30, -817.00, -2180.00, -9.71, -419.41, -1320.88, -1174.71
1492409018.07,-762.29, -7.49, -827.57, -2165.38, -13.24, -416.47, -1326.47, -1184.71
1492409018.43,-752.58, -12.58, -815.86, -2149.56, -10.30, -434.41, -1419.12, -1200.59
1492409018.8,-777.43, 4.65, -834.43, -2236.12, -5.88, -436.18, -1664.71, -1448.83
1492409019.16,-769.72, 4.94, -876.71, -2397.92, -3.24, -407.06, -2175.30, -1902.94
1492409019.53,-791.72, 17.08, -956.14, -2608.66, -1.77, -401.18, -2455.30, -2029.71
1492409019.8,-775.43, 22.17, -963.29, -2375.83, 0.29, -377.35, -2408.82, -1965.30
1492409020.17,-798.86, 30.92, -974.14, -2471.95, 1.76, -370.88, -2724.12, -2289.12
1492409020.53,-870.58, 41.09, -1097.00, -2881.80, 4.70, -411.77, -2939.12, -2773.83
1492409020.99,-960.86, 74.71, -1140.43, -2785.38, 4.12, -412.94, -2162.35, -2036.18
1492409021.45,-815.15, 30.08, -972.14, -1982.69, 0.88, -403.24, -1864.12, -1664.41
1492409021.9,-789.72, 34.60, -871.86, -1734.63, 1.47, -386.77, -1740.88, -1571.47
1492409022.27,-749.43, 37.42, -878.43, -1677.62, 3.53, -382.94, -1675.00, -1504.41
1492409022.64,-693.15, 37.70, -864.14, -1606.87, 4.70, -365.59, -1565.30, -1277.06
1492409023.0,-637.43, 37.42, -875.29, -1593.74, 4.41, -360.59, -1267.65, -1008.53
1492409023.37,-730.29, 37.42, -920.43, -1767.17, 5.00, -392.94, -1246.18, -945.88
1492409023.74,-699.43, 37.70, -941.57, -1680.90, 6.18, -335.00, -731.47, -569.12
1492409024.01,-604.86, 46.18, -915.57, -1354.93, 6.47, -352.35, -607.06, -529.71
1492409024.28,-665.43, 48.16, -825.86, -1230.45, 5.59, -363.53, -638.24, -584.71
1492409024.56,-675.72, 44.20, -819.00, -1193.44, 4.70, -348.83, -715.88, -667.35
1492409024.83,-642.29, 46.74, -830.43, -1328.66, 5.88, -348.53, -731.18, -694.71
1492409025.2,-733.72, 38.27, -845.57, -1434.63, 2.94, -370.88, -750.88, -666.18
1492409025.75,-823.72, 25.84, -833.00, -1454.03, 2.06, -368.24, -733.53, -660.30
1492409026.3,-730.00, 39.12, -835.29, -1305.38, 4.41, -344.41, -667.94, -630.59
1492409026.66,-678.58, 44.77, -832.43, -1246.27, 4.70, -337.65, -690.30, -629.41
1492409027.12,-688.29, 45.05, -832.71, -1212.54, 5.00, -330.88, -690.30, -635.59
1492409027.48,-678.86, 34.88, -827.00, -1318.21, 2.94, -343.83, -729.41, -665.88
1492409027.85,-781.72, 26.69, -843.29, -1432.24, 2.94, -374.12, -744.12, -677.35
1492409028.22,-817.15, 29.51, -829.00, -1397.32, 2.94, -357.06, -729.12, -663.24
1492409028.49,-739.15, 39.12, -805.57, -1303.89, 4.41, -344.71, -719.41, -650.88
1492409028.86,-700.00, 46.46, -797.57, -1257.92, 5.00, -347.65, -705.88, -638.53
1492409029.22,-689.15, 45.90, -776.14, -1185.68, 4.12, -340.00, -708.82, -634.71
1492409029.68,-672.86, 43.92, -774.43, -1187.77, 3.23, -333.24, -727.06, -660.88
1492409030.14,-782.00, 28.10, -783.00, -1348.06, 0.88, -383.24, -730.88, -687.06
1492409030.59,-936.58, 21.88, -769.86, -1365.68, 0.29, -380.30, -730.88, -682.35
1492409030.96,-842.00, 28.66, -776.14, -1277.92, 1.47, -349.12, -675.88, -663.24
1492409031.33,-701.15, 28.95, -710.43, -998.51, 0.29, -319.41, -466.18, -466.77
1492409031.69,-684.00, 15.39, -654.43, -856.12, -7.94, -338.83, -99.71, -76.18
1492409032.06,-920.00, -5.23, -483.29, -405.68, -331.47, -302.65, -6.77, 3.53
1492409032.51,-962.29, -638.57, -473.29, -531.65, -1188.82, -360.88, 6.18, -17.35
1492409032.88,-1282.00, -1558.34, -541.57, -439.71, -1250.88, -312.65, 4.70, -18.53
1492409033.25,-1057.15, -1279.53, -578.14, -425.08, -878.82, -312.65, 4.41, -20.00
1492409033.71,-978.00, -1153.82, -583.29, -362.99, -746.77, -301.47, 4.70, -20.88
1492409034.25,-888.86, -1046.76, -590.14, -403.59, -732.65, -309.12, 4.41, -22.06
1492409034.62,-1066.86, -1176.70, -591.00, -502.09, -768.82, -378.83, 4.70, -22.94
1492409034.98,-1206.86, -1145.63, -617.29, -554.33, -787.35, -371.18, 4.41, -22.35
1492409035.26,-1121.15, -1072.75, -590.14, -502.09, -733.24, -350.30, 4.12, -22.35
1492409035.53,-1060.86, -934.61, -581.57, -458.51, -683.82, -318.83, 3.53, -23.53
1492409035.99,-961.72, -838.57, -573.86, -365.68, -684.71, -275.88, -5.59, -25.59
1492409036.36,52.85, -605.52, -405.00, -214.93, -946.18, -341.77, -32.65, -53.83
1492409036.81,-820.00, -622.18, -483.29, -566.87, -759.71, -431.47, -660.00, -800.88
1492409037.18,-879.72, -352.13, -856.71, -1614.93, -174.12, -675.00, -955.30, -978.83
1492409037.54,-1066.29, -230.09, -1224.14, -2167.17, -275.00, -617.35, -858.53, -765.00
1492409038.0,-1020.58, -345.63, -1103.00, -2099.41, -334.71, -567.65, -863.24, -826.77
1492409038.28,-1005.15, -289.98, -1018.43, -2160.00, -181.77, -549.71, -886.77, -820.59
1492409038.55,-997.43, -250.15, -911.57, -2008.66, -143.24, -487.35, -815.88, -740.59
1492409038.83,-984.00, -192.52, -787.57, -1863.29, -95.00, -466.47, -818.53, -750.00
1492409039.19,-934.29, -126.42, -758.71, -1713.74, -77.35, -429.12, -768.82, -708.53
1492409039.46,-852.86, -89.70, -727.29, -1557.92, -58.53, -415.59, -720.59, -681.77
1492409039.74,-861.15, -71.62, -711.57, -1486.57, -45.59, -419.71, -688.24, -673.24
1492409040.11,-854.58, -64.84, -715.00, -1488.36, -48.53, -422.65, -685.00, -665.30
1492409040.38,-876.29, -76.42, -724.43, -1550.75, -47.06, -452.06, -678.82, -661.47
1492409040.65,-918.29, -80.38, -751.29, -1602.69, -54.71, -470.88, -659.12, -658.53
1492409041.02,-902.00, -102.69, -773.57, -1601.80, -48.24, -465.30, -672.06, -707.35
1492409041.39,-868.86, -52.97, -761.86, -1596.42, -34.71, -450.88, -694.41, -706.18
1492409041.66,-954.00, -42.52, -834.14, -2014.63, -31.18, -532.65, -707.94, -711.77
1492409042.02,-1028.86, -46.76, -923.00, -2056.42, -23.82, -516.18, -815.88, -765.30
1492409042.3,-905.72, -54.10, -789.57, -1479.41, -15.30, -438.83, -825.88, -815.30
1492409042.67,-764.00, -7.21, -621.86, -1134.63, -9.71, -370.00, -1345.88, -1338.83
1492409043.03,-526.00, 19.62, -692.71, -1686.87, 1.18, -377.06, -2211.47, -1885.30
1492409043.4,-721.43, 20.75, -810.14, -2105.98, 2.06, -417.94, -2133.24, -1831.77
1492409043.77,-780.58, 14.82, -845.57, -2142.39, 0.88, -490.88, -1855.30, -1684.12
1492409044.13,-796.58, 10.87, -815.29, -2021.20, 2.06, -475.88, -1705.00, -1612.65
1492409044.49,-741.43, 18.78, -806.71, -1846.57, 3.82, -448.53, -1612.35, -1532.35
1492409044.86,-664.58, 20.75, -753.86, -1576.42, 4.41, -416.18, -1491.18, -1432.94
1492409045.23,-602.29, 22.17, -732.43, -1432.84, 4.70, -415.30, -1473.82, -1367.94
1492409045.59,-607.72, 21.88, -723.00, -1424.48, 5.00, -402.94, -1482.35, -1364.41
1492409045.87,-636.29, 20.19, -781.00, -1647.77, 4.41, -416.77, -1630.00, -1415.88
1492409046.33,-706.29, 18.21, -816.43, -1895.53, -0.30, -422.06, -2065.00, -1737.35
1492409046.6,-770.58, 13.41, -925.57, -2181.50, -1.18, -399.12, -2714.71, -2229.41
1492409046.87,-893.43, 48.16, -1168.71, -2613.44, 6.47, -506.47, -2657.65, -2314.12
1492409047.15,-920.86, 45.90, -1254.43, -2233.14, 5.29, -444.41, -1952.65, -1576.18
1492409047.51,-732.86, 30.92, -1083.29, -1711.35, 3.53, -390.30, -1451.18, -1181.77
1492409047.97,-659.43, 42.51, -685.00, -1429.86, 6.18, -334.41, -1360.30, -1213.83
1492409048.43,-553.43, 47.87, -686.71, -1385.08, 6.76, -316.77, -1413.24, -1293.83
1492409048.8,-570.29, 38.55, -683.57, -1555.53, 4.41, -335.88, -1449.71, -1334.41
1492409049.16,-743.43, 23.30, -690.43, -1671.05, 2.94, -363.83, -1483.53, -1383.24
1492409049.52,-817.72, 28.95, -702.43, -1717.32, 3.53, -382.65, -1498.53, -1393.53
1492409049.89,-778.58, 30.92, -705.00, -1686.57, 3.82, -345.59, -1579.71, -1570.88
1492409050.26,-714.86, 50.70, -743.57, -1660.60, 6.18, -320.00, -1604.71, -1637.06
1492409050.53,-660.86, 56.35, -742.43, -1606.57, 7.06, -326.77, -1511.77, -1497.06
1492409050.81,-624.00, 53.52, -714.43, -1505.68, 7.65, -335.59, -1465.59, -1432.35
1492409051.08,-583.43, 56.35, -682.14, -1434.03, 7.5, -344.41, -1417.06, -1390.59
1492409051.45,-560.58, 57.48, -680.43, -1422.39, 7.65, -296.77, -1375.00, -1294.41
1492409051.81,-435.15, 60.87, -617.00, -1104.18, 5.29, -221.47, -899.71, -790.88
1492409052.18,-389.15, 57.48, -367.57, -467.17, 7.65, -320.59, -585.00, -701.47
1492409052.54,-464.58, 72.17, -429.57, -957.92, 6.18, -360.30, -970.59, -860.00
1492409052.91,-673.15, 38.27, -591.57, -1458.21, -1.47, -329.71, -1074.41, -891.47
1492409053.28,-753.43, 34.88, -645.00, -1489.86, 1.18, -340.00, -1069.12, -882.35
1492409053.64,-694.29, 47.31, -642.43, -1360.90, 4.70, -333.83, -1026.47, -840.88
1492409054.01,-605.15, 49.29, -643.00, -1252.84, 4.41, -312.94, -1030.88, -842.35
1492409054.37,-583.43, 53.81, -633.29, -1231.05, 5.29, -318.24, -1015.59, -831.47
1492409054.83,-598.58, 56.35, -651.00, -1211.65, 6.18, -317.65, -1007.65, -836.18
1492409055.2,-572.29, 52.11, -677.57, -1280.00, 5.88, -304.71, -1029.12, -836.18
1492409055.56,-638.58, 41.38, -714.71, -1424.48, 5.00, -345.30, -1094.12, -909.12
1492409055.93,-772.00, 41.94, -841.00, -1617.02, 5.00, -430.59, -1165.30, -949.71
1492409056.3,-756.86, 41.38, -1048.71, -1625.08, 3.82, -416.47, -1123.53, -937.94
1492409056.66,-666.00, 49.57, -985.00, -1531.95, 5.59, -376.47, -1084.41, -925.00
1492409057.02,-526.86, 48.72, -851.29, -1086.27, 6.18, -248.24, -925.88, -967.06
1492409057.3,-382.86, 48.44, -607.86, -922.39, 3.3, -296.77, -812.35, -925.30
1492409057.57,-417.43, 64.26, -464.43, -925.98, 5.88, -321.77, -797.94, -944.41
1492409057.85,-547.72, 55.78, -413.00, -1034.63, 3.82, -335.30, -907.65, -983.53
1492409058.22,-632.58, 61.43, -421.00, -1272.24, 3.53, -327.94, -1137.94, -1143.83
1492409058.58,-594.58, 79.79, -429.86, -1267.47, 5.59, -309.71, -1159.41, -1212.94
1492409059.04,-504.29, 95.33, -459.57, -1233.14, 7.65, -290.30, -1217.35, -1145.30
1492409059.4,-446.86, 86.01, -545.00, -1555.83, 13.53, -357.35, -1431.18, -1338.53
1492409059.86,-556.86, 72.17, -754.71, -2132.54, 13.23, -328.83, -1865.88, -2138.83
1492409060.32,-801.72, 67.08, -1000.43, -2532.84, 12.35, -385.88, -1926.77, -1885.59
1492409060.68,-786.86, 58.89, -947.57, -2123.89, 8.53, -342.06, -1670.88, -1654.71
1492409061.14,-736.86, 48.72, -909.57, -1837.62, 5.88, -326.77, -1593.82, -1572.35
1492409061.42,-697.43, 49.57, -879.57, -1747.17, 7.35, -314.71, -1523.24, -1389.41
1492409061.78,-574.00, 76.69, -837.00, -1525.38, 8.53, -315.88, -1518.53, -1378.83
1492409062.15,-472.86, 36.57, -442.43, -647.47, 2.94, -416.47, -1432.35, -1459.41
1492409062.51,-435.43, 44.77, -361.29, -665.38, 5.00, -443.24, -2003.53, -1916.18
1492409062.79,-632.00, 84.60, -501.57, -1323.29, 10.29, -448.24, -3147.94, -2751.47
1492409063.06,-712.58, 88.55, -671.29, -2113.14, 11.18, -407.06, -3742.06, -3325.88
1492409063.52,-675.15, 107.76, -781.29, -2451.65, 16.76, -361.47, -3610.00, -3898.24
1492409063.98,-1032.58, 73.86, -1074.71, -2567.77, 13.53, -465.30, -647.94, -340.00
1492409064.34,-845.15, 0.42, -715.29, -995.53, -11.18, -313.24, -236.47, -167.94
1492409064.71,-1097.15, -0.71, -753.29, -873.74, -17.06, -320.88, -217.35, -186.18
1492409065.16,-1019.72, 8.89, -725.57, -781.50, -16.18, -316.77, -200.00, -165.59
1492409065.71,-851.43, 32.90, -670.43, -587.47, -7.65, -295.59, -191.47, -157.94
1492409066.08,-764.00, 59.45, -640.14, -563.59, -5.30, -325.59, -202.06, -157.35
1492409066.45,-792.00, 65.10, -668.14, -510.75, -6.18, -366.77, -197.94, -159.12
1492409066.81,-781.72, 66.52, -634.14, -572.84, -5.59, -340.00, -218.24, -173.24
1492409067.18,-874.58, 42.22, -631.29, -701.50, -5.30, -363.24, -222.94, -178.53
1492409067.63,-944.86, 32.34, -638.43, -739.71, -3.53, -374.12, -211.18, -172.06
1492409067.91,-911.72, 56.63, -588.43, -665.98, -2.65, -354.12, -202.94, -167.65
1492409068.18,-856.58, 61.15, -598.43, -633.74, -1.77, -342.65, -197.35, -164.41
1492409068.55,-856.00, 70.19, -587.29, -605.98, -1.47, -340.88, -193.53, -160.00
1492409068.92,-830.86, 69.62, -585.00, -548.66, -2.35, -326.47, -194.12, -157.06
1492409069.37,-808.86, 50.70, -567.57, -567.47, -7.35, -340.30, -151.77, -87.65
1492409069.92,-893.43, 8.32, -399.00, -204.78, -430.59, -247.06, -20.00, -5.00
1492409070.38,-520.86, -940.26, -375.00, -143.89, -1345.88, -317.06, 2.35, -51.18
1492409070.74,-843.72, -2306.65, -508.14, -171.95, -1675.88, -424.71, -3.24, -57.65
1492409071.11,-313.72, -1639.42, -524.43, -90.75, -1150.30, -443.24, -11.18, -37.35
1492409071.39,-180.58, -1093.65, -436.43, -60.00, -826.77, -476.77, -57.65, -43.24
1492409071.75,-136.00, -825.01, -411.86, -54.03, -563.82, -500.59, -123.82, -41.47
1492409072.21,-246.29, -719.36, -477.57, -117.92, -891.77, -680.59, -21.77, -37.06
1492409072.57,-217.43, -762.58, -650.71, -302.69, -756.47, -601.47, -35.88, -48.53
1492409072.94,-187.72, -749.87, -468.14, -211.95, -888.24, -386.47, -14.41, -22.65
1492409073.31,-209.15, -1077.55, -460.71, -214.33, -1158.24, -393.53, -31.18, -39.12
1492409073.86,-321.15, -1137.44, -497.86, -669.26, -702.06, -355.59, -4.12, -18.53
1492409074.31,-893.15, -300.15, -820.43, -1128.36, -337.35, -293.83, -8.53, -15.59
1492409074.68,-735.72, -234.33, -846.43, -1020.60, -342.06, -257.06, -12.06, -24.41
1492409075.04,-846.86, -225.01, -915.29, -1429.56, -295.88, -357.06, -55.88, -114.41
1492409075.41,-1067.43, -146.19, -1148.43, -1999.71, -135.30, -492.65, -1075.30, -1049.71
1492409075.68,-949.72, -78.12, -1266.14, -2754.93, -45.59, -583.24, -1321.77, -1326.47
1492409076.05,-918.00, -133.48, -1002.71, -1976.42, -79.71, -467.94, -907.35, -740.88
1492409076.42,-1028.00, -82.35, -825.00, -1234.03, -133.53, -520.30, -778.53, -639.12
1492409076.69,-1012.29, -116.53, -881.00, -1378.51, -161.47, -501.47, -891.18, -769.12
1492409076.97,-1171.72, -122.75, -947.00, -1806.87, -52.94, -615.30, -1071.77, -1082.35
1492409077.33,-1189.43, -91.96, -1019.57, -2034.03, -20.59, -574.12, -1038.82, -1082.94
1492409077.69,-970.29, -121.62, -905.00, -1759.41, -34.12, -524.12, -1005.88, -937.35
1492409078.15,-1044.86, -31.79, -791.57, -1408.36, -15.30, -467.65, -878.82, -755.30
1492409078.52,-1022.86, -6.93, -770.71, -1294.93, -12.94, -437.06, -860.59, -839.71
1492409078.79,-982.00, -10.04, -809.29, -1441.80, -16.47, -430.88, -893.53, -792.06
1492409078.98,-1042.00, -34.90, -853.29, -1567.47, -20.88, -443.53, -911.47, -810.59
1492409079.16,-1054.86, -48.45, -873.00, -1621.20, -25.59, -470.88, -921.47, -820.88
1492409079.34,-1062.00, -63.71, -910.71, -1726.57, -22.94, -501.47, -955.00, -852.94
1492409079.53,-1082.29, -69.92, -924.43, -1789.26, -22.06, -523.24, -901.77, -844.41
1492409079.71,-1085.72, -79.53, -907.57, -1765.68, -20.59, -509.12, -901.77, -853.53
1492409079.89,-1050.29, -50.15, -897.86, 18686.86, -13.53, -480.88, -866.47, -811.47
1492409080.26,-999.43, -2.69, -836.43, -1459.71, -8.53, -450.30, -803.82, -769.41
1492409080.71,-933.43, -0.71, -823.00, -1327.77, -14.12, -440.30, -782.35, -709.12
1492409081.08,-926.29, -10.04, -770.43, -1358.21, -13.24, -420.00, -835.00, -815.59
1492409081.45,-893.43, -47.04, -776.71, -1484.18, -23.24, -440.00, -897.35, -902.65
1492409081.81,-1009.43, -30.09, -842.14, -1935.23, -17.65, -506.47, -1051.77, -1032.35
1492409082.36,-1046.58, -2.41, -954.71, -2295.23, -21.18, -508.53, -1032.65, -1012.06
1492409082.63,-884.58, -14.84, -957.57, -2378.21, -14.71, -510.30, -1289.41, -1228.24
1492409082.91,-885.72, 1.55, -997.57, -2567.47, -4.71, -484.71, -1869.12, -1702.94
1492409083.18,-881.15, 14.54, -1045.29, -2731.95, -0.88, -496.18, -2151.18, -1866.18
1492409083.37,-944.29, 16.52, -1013.57, -2663.59, -0.00, -535.30, -1948.82, -1653.83
1492409083.55,-927.43, 16.80, -966.43, -2534.63, -0.30, -512.06, -1868.82, -1595.59
1492409083.73,-857.72, 16.23, -922.14, -2428.06, -0.30, -496.47, -1776.47, -1552.65
1492409084.01,-837.15, 17.08, -911.57, -2398.21, 0.29, -492.94, -1793.82, -1517.65
1492409084.37,-850.58, 17.65, -928.43, -2398.21, 0.8, -482.65, -1716.47, -1462.35
1492409084.74,-825.43, 17.65, -917.00, -2338.51, 1.18, -465.00, -1662.35, -1426.47
1492409085.1,-842.00, 17.93, -897.57, -2319.41, 1.47, -464.71, -1632.35, -1404.12
1492409085.47,-848.29, 18.21, -898.14, -2280.00, 1.47, -453.83, -1605.00, -1356.77
1492409085.93,-832.58, 18.49, -876.71, -2051.95, 2.35, -429.41, -1467.65, -1290.00
1492409086.39,-764.29, 19.34, -859.00, -1916.72, 2.06, -438.53, -1457.06, -1262.65
1492409086.75,-806.00, 18.21, -858.43, -2022.99, 1.76, -452.06, -1509.41, -1287.65
1492409087.03,-844.29, 17.08, -880.14, -2140.60, 0.88, -469.71, -1636.77, -1499.12
1492409087.3,-838.86, 15.95, -880.43, -2264.48, -4.12, -417.94, -2313.24, -1984.41
1492409087.66,-814.00, 21.04, -975.00, -2502.69, 3.23, -385.00, -3165.88, -2602.06
1492409087.94,-973.43, 12.28, -1181.00, -3057.92, 7.65, -435.59, -3033.82, -2838.24
1492409088.21,-833.43, 17.65, -1004.14, -2283.29, 5.00, -276.47, -1834.41, -1737.65
1492409088.58,-514.58, 30.36, -741.00, -897.32, -0.59, -328.24, -967.65, -985.00
1492409088.95,-456.00, 41.09, -511.29, -669.86, -0.88, -311.47, -812.94, -871.47
1492409089.4,-459.15, 30.08, -485.86, -627.47, 2.06, -307.65, -856.47, -837.94
1492409089.77,-354.86, 46.18, -468.14, -641.20, 1.18, -276.47, -841.18, -730.59
1492409090.04,-373.72, 34.88, -457.00, -804.48, 2.06, -271.18, -808.82, -697.06
1492409090.32,-554.29, 31.21, -395.00, -848.66, 2.94, -322.94, -803.82, -708.53
1492409090.68,-691.15, 30.92, -401.29, -769.56, 3.82, -294.12, -677.94, -600.00
1492409091.05,-643.43, 36.01, -406.43, -736.42, 5.29, -287.35, -686.47, -590.59
1492409091.42,-542.86, 50.70, -407.29, -678.21, 6.18, -274.41, -678.82, -580.59
1492409091.78,-487.43, 60.87, -413.57, -645.68, 7.35, -264.12, -654.12, -580.00
1492409092.06,-479.15, 61.15, -439.86, -656.72, 6.76, -254.71, -694.71, -597.35
1492409092.33,-470.00, 51.26, -450.14, -714.33, 6.18, -243.24, -762.06, -729.71
1492409092.79,-587.43, 48.44, -457.29, -940.00, 6.47, -278.53, -794.41, -736.47
1492409093.24,-709.43, 31.49, -450.14, -904.78, 4.12, -288.24, -793.53, -743.24
1492409093.61,-627.15, 49.85, -457.29, -840.60, 7.94, -263.83, -753.24, -714.71
1492409093.98,-536.29, 68.49, -460.71, -762.39, 8.23, -257.65, -755.00, -682.35
1492409094.34,-496.58, 65.95, -479.86, -755.23, 8.23, -246.18, -742.35, -685.59
1492409094.71,-499.43, 74.99, -491.29, -22933.14, 8.23, -250.88, -751.77, -703.24
1492409095.07,-585.72, 56.63, -477.29, -879.11, 6.18, -282.94, -775.88, -744.12
1492409095.35,-712.29, 34.88, -475.00, -972.54, 5.88, -307.06, -962.94, -904.41
1492409095.62,-749.72, 47.87, -476.14, -1135.83, 7.65, -285.88, -1181.77, -1337.94
1492409095.9,-602.00, 37.99, -542.43, -1176.72, 3.82, -207.35, -1310.00, -1593.83
1492409096.26,-396.86, 32.34, -445.86, -1055.23, 5.88, -250.00, -1526.18, -1810.00
1492409096.54,-425.72, 45.33, -368.71, -931.35, 8.53, -395.00, -1726.47, -1897.65
1492409097.0,-586.86, 50.42, -413.29, -1354.03, 4.41, -381.47, -3525.30, -3212.06
1492409097.36,-853.72, 26.69, -525.57, -1830.15, 5.59, -421.47, -3513.82, -3432.94
1492409097.82,-971.15, 6.91, -485.57, -1309.86, 9.12, -442.65, -1153.24, -1362.65
1492409098.27,-753.72, 35.16, -378.71, -527.47, 5.88, -443.83, -351.77, -402.65
1492409098.64,-568.00, 30.64, -387.86, -433.14, 5.88, -368.83, -238.24, -270.00
1492409099.01,-373.43, 37.70, -387.86, -384.18, 3.53, -327.35, -163.24, -296.18
1492409099.37,-287.43, 30.08, -375.86, -362.69, 2.65, -324.41, -179.71, -193.83
1492409099.74,-432.00, 43.64, -354.14, -607.47, -0.88, -337.06, -122.94, -135.59
1492409100.1,-606.00, 50.13, -383.00, -730.75, -5.30, -340.88, -130.59, -145.30
1492409100.47,-431.43, 27.25, -454.14, -674.03, -7.35, -299.41, -125.30, -141.18
1492409100.83,-385.72, 30.92, -360.43, -536.12, -2.94, -305.00, -125.88, -156.77
1492409101.11,-325.43, 34.31, -407.29, -500.00, -0.88, -291.77, -130.88, -146.18
1492409101.48,-300.00, 40.81, -407.00, -464.48, -0.88, -279.41, -138.82, -136.77
1492409101.84,-364.86, 29.79, -387.00, -485.08, -0.30, -283.24, -143.53, -137.35
1492409102.3,-369.72, 37.99, -368.43, -414.33, -3.24, -281.47, -152.06, -116.77
1492409102.75,-464.58, 13.13, -348.71, -457.62, -9.71, -299.71, -162.94, -118.24
1492409103.12,-498.29, 27.53, -353.57, -399.71, -9.71, -282.06, -167.65, -116.47
1492409103.58,-312.58, 31.49, -419.86, -495.23, -5.59, -242.94, -178.53, -117.94
1492409103.95,-370.00, 24.14, -570.14, -862.39, -13.24, -190.30, -223.53, -153.83
1492409104.31,-491.15, 8.89, -571.00, -855.23, -28.82, -214.71, -245.59, -192.94
1492409104.68,-273.15, -18.79, -571.86, -620.30, -240.59, -123.83, -295.59, -214.71
1492409105.04,-134.00, -80.38, -430.14, -382.39, -533.24, -131.47, -316.47, -230.00
