1492675748.95,08, -250.71, -516.72, -37.35, , -64.71, -106.77
1492675748.95,-657.15, 18.21, -196.71, -420.60, -31.18, -319.71, -28.82, -49.41
1492675749.88,-733.15, 17.08, -250.71, -516.72, -37.35, -297.43, -509.19, -363.57, -310.75, -642.06, -223.53, -623.82, -669.12
1492675750.16,-238.86, -659.47, -474.71, -291.05, -633.53, -234.41, -615.00, -552.35
1492675750.43,-227.72, -658.06, -422.14, -222.09, -556.18, -304.41, -523.24, -461.77
1492675750.71,-282.29, -429.53, -479.00, -399.41, -330.30, -331.18, -505.88, -544.71
1492675751.07,-284.58, -433.20, -516.43, -438.51, -275.88, -312.65, -511.18, -476.77
1492675751.44,-221.72, -300.43, -477.29, -235.83, -249.41, -250.59, -487.06, -479.41
1492675751.81,-188.29, -313.14, -405.57, -193.44, -305.30, -230.59, -485.59, -472.94
1492675752.17,-189.15, -311.17, -390.71, -184.48, -336.18, -225.30, -474.71, -481.18
1492675752.54,-190.58, -326.70, -379.86, -213.44, -379.12, -246.18, -473.53, -477.06
1492675752.9,-246.29, -445.06, -364.14, -214.63, -701.18, -281.18, -35.30, -55.30
1492675753.27,-433.72, -866.25, -442.71, -161.20, -1300.00, -383.24, 24.41, -16.18
1492675753.54,-512.86, -1285.74, -513.29, -159.11, -1688.24, -462.94, -9.12, -34.41
1492675753.73,-529.15, -1763.71, -637.86, -167.77, -1807.94, -495.00, -22.06, -43.53
1492675753.91,-566.00, -2035.18, -700.43, -176.12, -1798.53, -522.94, -16.18, -42.94
1492675754.09,-598.86, -2262.86, -747.00, -185.08, -1804.41, -550.59, -10.59, -41.18
1492675754.27,-598.00, -2287.16, -747.86, -182.39, -1788.53, -547.65, -17.06, -42.35
1492675754.64,-548.58, -2162.58, -741.57, -178.51, -1637.35, -563.83, -30.30, -43.83
1492675755.0,-521.72, -1833.77, -772.43, -205.38, -1471.47, -575.59, -57.65, -45.59
1492675755.37,-475.72, -1410.60, -801.86, -232.84, -1260.88, -606.47, -71.77, -44.71
1492675755.83,-434.58, -1291.96, -745.29, -246.27, -1199.12, -614.12, -130.00, -98.53
1492675756.29,-431.43, -847.04, -807.00, -376.12, -900.59, -617.06, -238.82, -182.65
1492675756.65,-332.00, -607.21, -745.57, -479.71, -486.47, -567.06, -519.71, -439.12
1492675757.02,-332.29, -390.55, -797.00, -612.84, -287.65, -620.59, -697.35, -610.88
1492675757.38,-362.00, -271.90, -763.00, -611.65, -227.65, -523.53, -790.59, -700.30
1492675757.75,-351.72, -257.78, -727.86, -554.03, -185.00, -463.53, -853.24, -770.30
1492675758.02,-284.00, -151.84, -667.57, -532.84, -160.00, -437.94, -935.30, -873.53
1492675758.3,-276.58, -126.99, -618.71, -600.00, -133.53, -440.00, -1070.88, -1058.24
1492675758.57,-328.58, -86.31, -568.43, -724.78, -110.30, -467.94, -1114.12, -1252.65
1492675758.85,-351.43, -67.95, -586.71, -828.66, -108.24, -482.35, -1255.59, -1345.88
1492675759.12,-398.00, -35.46, -591.86, -877.32, -105.30, -472.94, -1349.71, -1267.94
1492675759.4,-376.29, -3.54, -560.43, -817.32, -88.82, -429.41, -1330.00, -1118.83
1492675759.85,-301.15, 18.78, -488.14, -687.77, -75.30, -417.94, -878.82, -864.12
1492675760.22,-248.29, 16.52, -472.14, -425.08, -99.41, -396.47, -605.59, -697.06
1492675760.59,-234.58, 0.70, -469.86, -368.66, -115.88, -359.41, -602.65, -660.59
1492675760.95,-233.15, 2.39, -455.00, -325.38, -140.00, -372.06, -595.88, -641.47
1492675761.32,-236.00, -19.64, -440.14, -326.27, -190.88, -402.06, -490.88, -525.30
1492675761.68,-310.58, -47.32, -392.43, -243.59, -397.06, -438.24, -33.53, -22.65
1492675761.96,-392.29, -398.45, -375.00, -136.42, -811.47, -438.83, -6.47, -20.00
1492675762.32,-416.86, -1224.44, -480.43, -116.12, -1507.94, -466.47, 1.76, -16.77
1492675762.6,-476.86, -2147.89, -680.43, -131.35, -1718.82, -548.24, 20.00, -17.35
1492675762.87,-530.58, -2513.43, -739.57, -139.41, -1793.53, -578.53, 2.65, -20.59
1492675763.15,-487.72, -2198.45, -737.57, -135.83, -1596.47, -552.65, -9.41, -22.65
1492675763.51,-487.15, -1894.78, -753.00, -150.45, -1410.88, -534.41, -71.47, -27.06
1492675763.79,-373.72, -1209.75, -759.29, -217.32, -1084.71, -622.35, -97.35, -45.00
1492675764.15,-374.86, -793.09, -816.14, -302.39, -798.82, -600.00, -139.12, -71.18
1492675764.52,-275.72, -560.04, -851.86, -342.09, -602.06, -502.94, -241.18, -131.18
1492675764.88,-229.72, -415.12, -773.86, -390.45, -455.59, -487.94, -470.59, -377.06
1492675765.34,-256.29, -270.49, -805.57, -491.05, -288.24, -537.94, -708.24, -619.41
1492675765.71,-299.43, -191.96, -772.14, -581.50, -213.82, -537.35, -920.30, -827.06
1492675766.07,-315.43, -148.74, -707.86, -626.57, -160.30, -477.65, -1039.71, -934.71
1492675766.44,-306.58, -104.67, -651.57, -631.05, -127.06, -412.94, -1179.12, -1137.94
1492675766.9,-313.15, -68.51, -564.71, -697.02, -95.88, -417.65, -1275.59, -1312.06
1492675767.26,-358.58, -8.34, -526.43, -749.56, -82.65, -420.59, -1235.88, -1067.35
1492675767.53,-308.86, 23.01, -490.14, -687.17, -67.94, -417.65, -870.00, -908.24
1492675767.81,-298.86, 29.23, -482.43, -657.32, -62.65, -411.47, -906.18, -907.06
1492675768.08,-278.29, 27.53, -447.86, -499.11, -62.94, -377.65, -701.18, -739.41
1492675768.45,-242.29, 23.01, -463.00, -392.24, -68.82, -357.35, -681.47, -678.24
1492675768.91,-249.15, 19.62, -457.00, -448.36, -80.30, -399.12, -703.53, -700.00
1492675769.28,-309.72, 8.32, -450.14, -465.38, -85.59, -396.47, -717.06, -696.18
1492675769.64,-301.72, 4.09, -439.29, -424.78, -107.06, -397.35, -518.53, -524.41
1492675770.0,-335.43, -24.73, -358.43, -179.71, -352.06, -396.18, -26.77, -15.59
1492675770.46,-337.15, -501.28, -403.00, -113.74, -941.18, -387.65, -13.53, -22.35
1492675770.92,-415.72, -1339.42, -506.43, -134.93, -1393.82, -454.41, -0.00, -22.65
1492675771.29,-536.29, -2131.51, -653.57, -141.20, -1757.35, -525.30, -7.94, -27.35
1492675771.56,-582.86, -2345.63, -687.86, -151.95, -1705.59, -545.00, -22.65, -26.47
1492675771.83,-448.29, -1667.38, -686.14, -186.57, -1409.71, -592.94, -39.71, -25.00
1492675772.2,-462.86, -1367.10, -743.57, -193.44, -1158.24, -578.53, -6.18, -22.94
1492675772.66,-430.58, -1156.08, -703.29, -206.27, -853.24, -538.83, -35.00, -26.18
1492675773.11,-359.72, -836.03, -758.43, -331.95, -804.12, -610.88, -127.65, -86.18
1492675773.48,-340.86, -576.70, -805.57, -454.93, -677.65, -607.06, -298.82, -217.94
1492675773.76,-320.29, -515.97, -822.14, -505.98, -566.18, -613.53, -444.71, -362.94
1492675774.12,-320.86, -456.36, -811.29, -533.14, -472.65, -608.24, -585.30, -514.41
1492675774.49,-325.15, -341.39, -819.57, -562.99, -322.06, -575.59, -672.35, -590.59
1492675774.85,-314.58, -262.58, -770.71, -552.84, -249.71, -516.47, -777.94, -740.30
1492675775.22,-341.72, -206.36, -727.86, -648.06, -193.82, -572.94, -899.71, -877.94
1492675775.68,-361.15, -151.28, -723.29, -716.12, -149.71, -586.77, -1051.47, -941.77
1492675776.04,-354.29, -78.68, -619.86, -697.62, -107.65, -481.18, -1126.77, -1198.83
1492675776.41,-324.00, -29.81, -524.43, -689.86, -82.35, -439.41, -1247.06, -1359.71
1492675776.87,-343.15, -0.15, -510.71, -686.27, -71.47, -421.18, -1272.06, -1265.00
1492675777.32,-348.86, 28.66, -507.29, -778.81, -66.18, -465.88, -969.12, -859.12
1492675777.87,-326.58, 37.14, -457.57, -665.08, -66.18, -410.30, -695.00, -724.41
1492675778.24,-266.58, 32.05, -454.43, -405.08, -77.94, -374.71, -616.18, -572.65
1492675778.6,-232.29, 32.05, -428.71, -402.09, -81.77, -387.35, -611.47, -581.77
1492675778.79,-305.72, 22.45, -487.57, -431.95, -88.82, -390.30, -586.47, -586.18
1492675779.06,-311.15, 25.56, -487.00, -350.15, -81.77, -373.53, -602.94, -512.94
1492675779.42,-190.29, 34.31, -470.43, -288.96, -110.88, -342.35, -574.41, -531.47
1492675779.79,-187.15, 33.75, -378.14, -291.35, -82.06, -345.88, -541.47, -550.00
1492675780.16,-226.58, 34.31, -373.00, -345.98, -92.94, -386.47, -542.06, -551.47
1492675780.52,-280.58, 27.25, -358.43, -370.75, -107.35, -403.83, -548.24, -544.12
1492675780.98,-286.29, 28.95, -355.00, -362.99, -109.12, -392.94, -548.53, -547.94
1492675781.53,-267.43, 33.47, -334.14, -320.00, -102.65, -368.24, -535.30, -547.94
1492675781.99,-237.43, 33.18, -323.57, -285.68, -97.06, -380.30, -549.41, -513.83
1492675782.26,-213.72, 29.51, -296.14, -219.71, -179.71, -445.59, -532.35, -449.41
1492675782.53,-238.00, 33.18, -269.57, -214.03, -232.35, -525.30, -517.65, -427.94
1492675782.9,-268.86, 35.16, -263.86, -227.17, -223.82, -545.59, -377.94, -285.59
1492675783.27,-309.43, 34.31, -211.00, -286.57, -286.77, -477.06, -374.71, -280.88
1492675783.63,-194.86, 30.36, -65.00, -84.78, -273.53, -271.77, -378.24, -298.24
