1492675685.13,-483.24, -207.86, -395.23, -37.35, -297.94, -45.59, -79.41
1492675686.06,-758.86, -50.71, -270.14, -494.33, -32.94, -277þ-258.86, -315.97, -327.86, -260.30, -326.77, -147.06, -594.41, -548.24
1492675686.34,-244.29, -495.91, -392.43, -293.14, -394.12, -167.94, -632.65, -585.88
1492675686.61,-227.15, -554.39, -357.57, -236.12, -405.59, -195.88, -581.77, -473.24
1492675686.89,-242.00, -591.68, -369.86, -268.66, -401.47, -225.59, -585.59, -475.00
1492675687.25,-317.15, -689.98, -409.86, -252.24, -535.88, -235.88, -588.82, -483.24
1492675687.62,-400.58, -707.78, -378.14, -268.66, -498.24, -280.88, -593.24, -492.06
1492675687.98,-377.43, -719.92, -370.43, -273.44, -491.47, -262.06, -586.47, -490.88
1492675688.35,-353.43, -573.60, -407.86, -285.68, -256.47, -275.88, -550.59, -553.53
1492675688.72,-262.00, -456.65, -382.43, -238.21, -481.77, -223.24, -297.35, -256.18
1492675689.08,-368.29, -804.95, -427.00, -176.72, -822.35, -264.12, -2.65, -18.53
1492675689.45,-497.15, -1066.25, -513.00, -197.92, -1235.88, -380.88, 23.82, -7.94
1492675689.72,-631.15, -1342.24, -574.14, -202.69, -1432.06, -412.65, 23.82, -21.77
1492675689.9,-659.43, -1760.60, -642.14, -195.83, -1629.41, -466.77, 7.65, -34.41
1492675690.09,-636.00, -2065.40, -696.43, -172.84, -1816.47, -490.88, 4.41, -30.59
1492675690.27,-636.00, -2339.13, -756.71, -168.96, -1915.00, -501.18, 8.53, -27.35
1492675690.45,-651.15, -2563.71, -786.14, -168.66, -1905.59, -524.12, 2.94, -28.53
1492675690.82,-605.43, -2350.71, -756.14, -157.62, -1718.82, -551.77, -49.12, -45.30
1492675691.19,-543.15, -1926.42, -801.00, -178.51, -1397.06, -537.06, -41.77, -40.88
1492675691.55,-475.15, -1590.55, -775.57, -180.90, -1038.53, -555.59, -32.06, -42.94
1492675692.01,-441.15, -1329.25, -742.71, -183.29, -876.77, -508.24, -64.12, -48.24
1492675692.47,-434.00, -984.61, -775.86, -275.53, -852.65, -596.47, -118.24, -98.53
1492675692.83,-443.43, -804.10, -836.43, -396.42, -761.47, -634.41, -305.59, -214.12
1492675693.2,-378.58, -623.03, -783.29, -466.27, -523.82, -621.47, -540.88, -454.41
1492675693.56,-338.86, -469.36, -749.00, -522.09, -351.77, -621.47, -740.88, -642.94
1492675693.93,-355.43, -424.16, -772.14, -598.81, -272.94, -607.06, -951.77, -841.77
1492675694.2,-362.29, -319.36, -736.43, -623.59, -215.88, -585.00, -1059.41, -969.41
1492675694.48,-361.15, -223.31, -706.71, -687.77, -162.94, -574.41, -1158.24, -1238.24
1492675694.75,-355.72, -119.36, -638.14, -737.02, -140.59, -565.30, -1355.30, -1339.12
1492675695.03,-365.72, -73.31, -600.43, -755.53, -137.65, -525.00, -1248.82, -1195.00
1492675695.3,-347.72, -21.05, -566.43, -701.50, -119.71, -499.41, -931.77, -905.88
1492675695.57,-273.43, 23.86, -488.14, -603.59, -96.77, -495.59, -1024.41, -891.47
1492675696.03,-223.72, 24.71, -414.43, -377.92, -120.00, -430.59, -676.18, -606.47
1492675696.4,-206.58, 21.60, -411.86, -364.18, -65.59, -369.41, -537.65, -585.30
1492675696.77,-234.58, 22.17, -427.57, -357.62, -75.30, -369.41, -505.59, -545.88
1492675697.13,-238.29, 22.17, -415.00, -362.69, -75.30, -387.35, -552.94, -547.65
1492675697.5,-273.72, 0.98, -437.57, -434.03, -87.35, -422.35, -567.65, -543.24
1492675697.86,-330.58, -10.32, -438.43, -420.90, -95.59, -414.41, -555.88, -543.83
1492675698.23,-295.72, -7.78, -433.29, -356.72, -95.30, -374.41, -527.35, -538.53
1492675698.59,-257.72, 0.98, -421.29, -281.20, -92.94, -349.71, -525.00, -526.18
1492675698.87,-242.00, 2.96, -434.43, -263.29, -88.53, -349.71, -529.71, -523.53
1492675699.14,-248.00, 5.22, -427.86, -281.50, -105.30, -389.12, -513.24, -512.35
1492675699.51,-286.86, -23.60, -445.57, -312.24, -179.41, -420.59, -290.59, -285.88
1492675699.88,-421.43, -86.03, -424.14, -245.38, -370.30, -432.94, -27.94, -20.59
1492675700.15,-445.15, -400.15, -427.57, -163.89, -711.47, -432.06, 10.00, -5.59
1492675700.51,-447.15, -781.22, -432.14, -129.26, -1116.47, -413.83, -12.35, -22.94
1492675700.79,-428.00, -1389.98, -517.57, -114.63, -1454.71, -447.35, -2.35, -20.00
1492675701.25,-468.58, -1833.48, -624.14, -120.00, -1781.18, -496.47, -6.47, -18.53
1492675701.7,-604.29, -2366.82, -707.29, -137.62, -1691.47, -537.35, 3.82, -20.88
1492675702.07,-565.72, -2228.68, -668.14, -140.30, -1387.94, -531.77, -11.47, -20.59
1492675702.44,-507.15, -1845.35, -692.71, -185.98, -1060.88, -559.41, -23.53, -24.12
1492675702.8,-551.43, -1618.23, -759.29, -224.18, -907.94, -561.18, -39.41, -37.65
1492675703.17,-596.00, -1403.26, -781.86, -246.57, -865.59, -583.24, -87.94, -59.12
1492675703.53,-501.72, -791.96, -847.29, -364.18, -652.06, -624.41, -166.77, -127.65
1492675703.81,-406.00, -569.64, -952.71, -493.44, -523.24, -647.35, -492.94, -374.71
1492675704.08,-374.00, -470.77, -925.29, -591.95, -382.94, -666.47, -647.06, -547.65
1492675704.36,-380.29, -404.95, -899.00, -625.38, -319.41, -628.53, -767.65, -665.88
1492675704.81,-355.15, -330.09, -852.14, -614.33, -228.82, -548.53, -953.82, -889.71
1492675705.27,-350.86, -242.52, -753.86, -653.14, -181.77, -518.53, -936.47, -1003.53
1492675705.64,-342.58, -145.91, -630.71, -634.33, -153.53, -482.06, -1069.41, -1261.77
1492675705.91,-385.43, -109.19, -587.00, -760.00, -133.53, -516.77, -1142.35, -1339.41
1492675706.28,-416.29, -44.50, -545.57, -842.69, -110.00, -481.18, -1280.59, -1352.35
1492675706.73,-409.43, 9.17, -500.14, -794.63, -91.47, -428.83, -1358.82, -1118.24
1492675707.19,-321.15, 35.73, -451.86, -667.17, -77.35, -414.12, -981.47, -872.06
1492675707.47,-263.15, 34.88, -415.00, -472.24, -62.06, -377.94, -645.30, -730.30
1492675707.74,-236.00, 30.64, -403.00, -365.68, -68.24, -343.83, -682.65, -656.18
1492675708.02,-230.00, 28.95, -415.00, -303.89, -76.47, -333.83, -641.47, -586.18
1492675708.38,-203.72, 29.23, -400.43, -270.45, -83.24, -332.65, -640.59, -565.00
1492675708.84,-213.72, 25.27, -382.71, -350.45, -86.77, -367.65, -647.65, -571.18
1492675709.29,-316.29, 13.41, -384.71, -377.02, -104.41, -379.71, -639.41, -561.18
1492675709.75,-300.58, 15.67, -363.57, -321.50, -101.18, -336.77, -613.82, -532.35
1492675710.12,-267.15, 23.01, -352.43, -267.17, -89.41, -327.94, -605.59, -533.83
1492675710.49,-240.58, 23.30, -362.14, -250.15, -95.59, -333.53, -605.88, -538.83
1492675710.85,-248.86, 19.62, -382.14, -299.71, -110.00, -371.47, -616.18, -536.18
1492675711.21,-274.29, 4.37, -425.86, -250.45, -225.88, -405.30, -598.82, -506.47
1492675711.58,-255.43, 6.63, -332.14, -207.77, -224.41, -377.65, -590.00, -533.53
1492675711.95,-224.00, 15.39, -325.86, -224.48, -148.82, -355.30, -575.00, -498.83
1492675712.31,-210.58, 26.97, -341.00, -285.68, -84.71, -348.53, -578.82, -488.83
1492675712.68,-271.15, 12.56, -349.29, -377.32, -104.12, -418.24, -585.00, -500.88
1492675713.14,-326.58, 1.26, -373.86, -394.33, -117.35, -407.06, -572.65, -497.35
1492675713.68,-292.00, 13.69, -363.57, -352.54, -104.12, -373.53, -545.88, -483.53
1492675714.14,-260.58, 23.30, -380.43, -265.08, -105.59, -373.83, -533.82, -480.59
1492675714.51,-188.58, 23.01, -320.14, -202.39, -175.00, -407.65, -560.59, -470.59
1492675714.78,-217.72, 28.10, -289.29, -191.05, -180.88, -451.47, -571.18, -479.41
1492675714.97,-218.00, 35.44, -298.43, -200.90, -156.77, -456.18, -585.30, -496.47
1492675715.42,-218.29, 36.57, -308.43, -223.29, -149.12, -455.59, -555.59, -462.94
1492675715.79,-270.00, 34.88, -307.86, -283.59, -138.24, -479.71, -501.47, -410.00
1492675716.15,-337.15, 37.14, -271.00, -271.35, -138.24, -461.47, -462.06, -400.00
1492675716.52,-337.72, 37.14, -224.71, -266.87, -140.88, -452.94, -374.71, -354.71
1492675716.89,-351.72, 36.29, -229.86, -269.26, -127.65, -415.88, -238.24, -201.77
1492675717.44,-253.43, 34.03, -71.86, -80.00, -185.59, -225.00, -352.94, -266.47
