1492407997.33,-588.24, 2.65
1492407997.33,-194.58, -62.01, -237.86, -316.12, -579.41, -146.47, -430.00, -337.65
1492407997.33,-150.86, -54.67, -262.43, 94, -146.47, -421.77, -322.65
1492407997.33,-194.58, -62.01, -237.86, -316.12, -579.41, -146.47, -430.00, -337.65
1492407998.23,-150.86, -54.67, -262.43, -572.86, -14.56, -520.43, -747.77, -0.30, -230.59, -402.94, -291.18
1492407998.5,-675.72, -15.97, -523.00, -789.86, -3.53, -262.94, -389.71, -307.65
1492407998.78,-806.86, -22.47, -483.86, -811.35, -5.59, -312.94, -387.35, -310.59
1492407999.05,-869.15, -20.21, -487.86, -832.84, -1.18, -324.12, -367.35, -292.35
1492407999.42,-820.58, -17.66, -443.86, -707.47, -9.41, -282.06, -247.06, -100.59
1492407999.78,-744.29, -33.48, -246.14, -122.39, -757.35, -250.00, -25.59, 4.12
1492408000.15,-738.29, -995.06, -313.00, -88.66, -1413.24, -325.59, -4.41, -26.18
1492408000.51,-742.29, -2106.08, -488.71, -83.29, -1797.94, -504.12, 2.94, -39.12
1492408000.88,-476.00, -2134.90, -508.71, -85.08, -1105.30, -590.88, -5.59, -23.24
1492408001.25,-372.86, -1427.83, -478.71, -58.81, -820.59, -587.65, -30.30, -36.47
1492408001.61,-294.00, -1587.72, -585.00, -290.45, -1007.35, -684.71, -31.47, -26.18
1492408001.89,-226.86, -1223.60, -598.71, -274.93, -730.88, -548.24, -21.47, -45.30
1492408002.07,-186.58, -1119.36, -470.43, -133.44, -828.24, -460.00, -11.47, -15.00
1492408002.25,-172.58, -1132.92, -413.57, -125.68, -800.00, -400.59, -13.53, -16.77
1492408002.43,-214.58, -1230.94, -379.86, -101.80, -855.59, -403.24, -32.35, -25.30
1492408002.71,-277.43, -1592.24, -375.29, -106.57, -1123.24, -436.18, -17.94, -13.83
1492408002.98,-340.00, -1822.18, -415.86, -340.90, -1117.94, -378.53, -37.94, -90.59
1492408003.35,-666.58, -773.03, -671.00, -1094.93, -575.30, -389.41, -695.88, -577.94
1492408003.72,-784.58, -409.75, -1045.57, -2160.30, -142.35, -561.18, -855.00, -636.18
1492408004.08,-916.29, -285.74, -1193.00, -2534.63, -111.77, -547.94, -629.41, -568.53
1492408004.54,-940.00, -293.09, -1017.29, -2071.65, -120.88, -442.65, -601.18, -556.47
1492408004.9,-946.29, -209.75, -996.71, -2138.51, -73.82, -478.24, -668.82, -617.94
1492408005.27,-996.86, -212.58, -1070.14, -2450.45, -43.82, -588.83, -845.59, -786.77
1492408005.64,-1018.29, -217.66, -1129.29, -2673.74, -25.88, -649.41, -845.88, -864.12
1492408006.09,-1042.29, -197.89, -1088.43, -2548.96, -29.41, -594.12, -700.59, -767.35
1492408006.37,-983.43, -164.56, -973.57, -2197.92, -43.24, -529.12, -665.00, -731.18
1492408006.64,-953.72, -165.69, -933.86, -2130.75, -40.59, -508.83, -666.47, -706.18
1492408006.92,-990.00, -147.89, -937.29, -2287.77, -27.65, -520.88, -719.41, -684.12
1492408007.19,-1070.86, -151.56, -893.86, -2045.08, -32.94, -540.30, -692.94, -560.00
1492408007.46,-1226.29, -270.21, -822.71, -1727.17, -27.65, -514.71, -515.88, -431.18
1492408007.74,-1256.00, -133.48, -753.57, -1418.81, -7.35, -540.30, -460.88, -387.65
1492408008.1,-1269.15, -88.57, -770.14, -1571.05, -7.06, -557.65, -568.53, -396.47
1492408008.47,-1367.72, -103.54, -827.00, -1763.89, -3.82, -680.30, -520.00, -384.41
1492408008.84,-1492.86, -96.48, -869.29, -1819.11, -5.00, -664.71, -499.71, -372.06
1492408009.2,-1337.72, -77.55, -783.00, -1632.84, -6.18, -564.71, -681.47, -568.53
1492408009.66,-1172.58, -71.62, -776.43, -1870.45, 0.88, -517.65, -1365.59, -1007.94
1492408010.02,-943.43, -28.68, -807.00, -2224.78, 5.59, -609.12, -1040.88, -797.65
1492408010.39,-896.00, -56.08, -713.00, -1648.06, 0.59, -407.65, -740.88, -645.88
1492408010.67,-711.43, -33.20, -675.00, -1333.14, 2.06, -390.30, -659.71, -634.12
1492408010.94,-712.86, -22.18, -667.29, -1288.96, 2.65, -392.06, -668.24, -602.65
1492408011.31,-774.86, -39.42, -661.86, -1348.36, 0.88, -411.77, -716.18, -568.53
1492408011.67,-850.29, -44.22, -717.57, -1619.71, 2.35, -477.94, -786.18, -647.35
1492408012.04,-883.15, -37.16, -756.43, -1771.05, 3.53, -512.65, -787.06, -636.77
1492408012.4,-818.00, -20.77, -708.43, -1441.50, 5.00, -431.18, -687.65, -567.65
1492408012.77,-691.43, -16.53, -654.14, -1232.24, 5.88, -398.24, -680.59, -461.47
1492408013.13,-644.00, -16.82, -628.71, -1229.86, 5.29, -405.00, -647.94, -626.47
1492408013.5,-675.15, -30.09, -659.57, -1472.84, 5.00, -409.12, -713.53, -714.41
1492408013.78,-722.86, -34.61, -710.71, -1570.75, 5.59, -462.06, -750.30, -733.83
1492408014.05,-790.58, -32.92, -729.00, -1624.78, 6.18, -473.24, -736.18, -697.06
1492408014.51,-722.00, -20.21, -671.29, -1363.29, 6.47, -406.77, -718.53, -651.47
1492408014.96,-648.86, -15.69, -658.43, -1300.60, 7.35, -387.94, -700.88, -647.65
1492408015.33,-632.58, -16.25, -657.00, -1354.93, 7.06, -382.06, -926.47, -935.59
1492408015.7,-632.29, -15.12, -741.29, -1692.24, 9.12, -369.41, -1547.65, -1052.35
1492408015.97,-579.15, -15.69, -759.57, -1939.41, 13.53, -379.12, -1025.30, -792.65
1492408016.25,-534.58, -6.65, -823.00, -1832.84, 13.82, -374.71, -832.35, -652.35
1492408016.7,-456.58, -18.79, -792.43, -1530.75, 7.94, -341.18, -749.41, -593.53
1492408017.16,-396.58, -24.73, -680.71, -1327.77, 5.00, -362.06, -761.18, -575.59
1492408017.52,-585.15, -27.83, -687.29, -1423.59, 3.23, -382.94, -740.59, -581.18
1492408017.8,-578.00, -28.12, -681.00, -1337.62, 3.53, -375.88, -699.71, -572.06
1492408018.07,-555.43, -23.03, -666.71, -1274.93, 5.00, -375.00, -677.65, -559.41
1492408018.44,-543.43, -20.77, -645.57, -1222.09, 4.41, -358.24, -670.30, -555.00
1492408018.81,-500.29, -20.21, -642.43, -1191.95, 5.59, -356.77, -668.53, -555.88
1492408019.17,-472.29, -17.38, -635.29, -1176.12, 5.59, -347.94, -662.35, -570.59
1492408019.45,-415.72, -17.10, -652.71, -1191.65, 5.29, -340.59, -672.65, 15.88
1492408019.72,-433.15, -19.36, -641.29, -1236.42, 2.94, -348.53, -717.35, -561.77
1492408020.08,-433.72, -27.83, -641.00, -1258.81, 1.76, -338.24, -729.12, -575.59
1492408020.45,-465.43, -29.53, -645.29, -1289.86, 1.18, -336.77, -736.77, -568.53
1492408020.91,-410.29, -26.99, -663.00, -1218.81, 2.65, -321.18, -723.24, -557.35
1492408021.37,-423.72, -19.92, -649.00, -1173.74, 2.94, -317.94, -713.24, -548.24
1492408021.83,-419.15, -23.03, -640.43, -1136.72, 3.23, -327.06, -672.94, -436.18
1492408022.19,-467.43, -26.99, -547.57, -808.36, -5.59, -224.41, -56.77, -14.41
1492408022.55,-335.43, -93.94, -306.14, -85.08, -763.82, -212.35, -6.18, -9.12
1492408023.01,-452.86, -1075.01, -385.86, -75.53, -1399.12, -396.18, -3.82, -36.77
1492408023.38,-361.15, -1894.50, -456.14, -72.24, -1387.06, -446.47, -57.06, -55.30
1492408023.75,-282.86, -1592.52, -453.29, -68.36, -1203.24, -438.24, -23.24, -65.30
1492408024.02,-195.15, -1533.77, -614.14, -257.92, -1312.65, -537.06, -28.82, -93.53
1492408024.29,-266.86, -1493.09, -553.29, -196.42, -1315.30, -485.88, -14.71, -23.24
1492408024.57,-313.43, -2056.36, -464.43, -120.30, -1632.06, -459.12, -3.82, -12.35
1492408024.93,-317.43, -2111.73, -500.71, -385.38, -1595.59, -357.06, -142.94, -184.12
1492408025.48,-755.43, -778.40, -738.14, -1303.59, -541.18, -422.35, -908.53, -642.06
1492408025.94,-718.58, -462.86, -813.00, -1255.53, -332.65, -422.06, -686.47, -613.24
1492408026.31,-706.29, -353.54, -757.57, -1219.11, -227.06, -373.83, -632.35, -587.35
1492408026.67,-581.43, -255.52, -755.57, -1113.74, -212.06, -330.59, -705.59, -654.71
1492408027.13,-702.58, -176.99, -891.29, -1794.03, -86.18, -463.53, -724.71, -512.06
1492408027.49,-800.29, -233.77, -980.14, -2052.54, -140.88, -491.77, -670.00, -518.83
1492408027.86,-920.86, -175.57, -973.00, -1950.45, -70.88, -474.71, -600.59, -454.41
1492408028.23,-1002.58, -191.39, -775.00, -1415.83, -32.94, -496.77, -612.94, -479.12
1492408028.59,-938.58, -94.50, -765.57, -1291.95, -19.71, -425.00, -586.77, -467.35
1492408028.96,-810.86, -95.35, -714.43, -1091.35, -23.24, -377.65, -536.18, -425.88
1492408029.42,-798.00, -265.69, -666.71, -990.45, -239.41, -395.00, -414.41, -316.47
1492408029.87,-936.86, -353.26, -768.43, -1510.75, -107.65, -496.18, -534.71, -387.94
1492408030.33,-1056.00, -279.81, -832.43, -1488.36, -76.77, -431.47, -493.82, -375.30
1492408030.69,-956.86, -181.22, -741.29, -1313.14, -54.12, -447.06, -423.24, -244.12
1492408031.06,-1196.86, -300.15, -702.14, -1219.11, -142.06, -544.12, -448.24, -367.35
1492408031.43,-1108.58, -152.13, -789.29, -1712.54, -10.59, -508.83, -1119.41, -865.88
1492408031.79,-857.43, -44.50, -859.00, -2130.75, 4.70, -500.88, -1371.47, -1020.00
1492408032.25,-774.29, -25.86, -794.71, -1959.71, 5.59, -404.12, -1185.30, -835.59
1492408032.71,-606.00, -19.36, -723.00, -1490.45, 6.18, -339.71, -920.30, -649.71
1492408033.07,-592.29, -17.10, -678.71, -1266.27, 5.59, -332.65, -821.18, -730.00
1492408033.53,-515.15, -21.05, -699.29, -1451.35, 6.47, -359.71, -946.77, -781.47
1492408034.08,-625.43, -24.44, -726.71, -1686.57, 6.18, -436.47, -966.77, -834.71
1492408034.45,-721.72, -35.46, -725.00, -1745.98, 7.06, -496.18, -956.77, -823.24
1492408034.81,-787.72, -23.60, -737.29, -1756.42, 7.35, -471.18, -900.59, -797.06
1492408035.08,-758.86, -18.51, -717.29, -1628.06, 7.06, -423.83, -876.77, -776.77
1492408035.54,-736.58, -15.69, -708.71, -1613.74, 7.65, -407.94, -1142.35, -1038.24
1492408035.91,-723.43, -15.69, -745.29, -1789.56, 8.23, -365.30, -1532.35, -1268.83
1492408036.46,-706.29, -14.84, -864.43, -2104.48, 12.65, -361.18, -873.53, -669.71
1492408036.82,-568.58, -22.75, -827.86, -1536.42, 8.23, -324.12, -695.59, -516.18
1492408037.19,-518.29, -21.62, -741.29, -1196.12, 7.35, -333.53, -623.82, -450.88
1492408037.65,-414.58, -19.08, -672.14, -864.78, 6.18, -316.47, -531.47, -408.53
1492408037.92,-365.15, -16.25, -639.29, -931.05, 6.47, -329.41, -542.94, -357.65
1492408038.19,-463.15, -21.34, -651.00, -1029.26, 5.88, -365.88, -523.24, -325.59
1492408038.47,-580.29, -22.47, -666.14, -1096.42, 5.59, -400.00, -518.53, -345.30
1492408038.84,-582.00, -21.62, -648.71, -1021.20, 5.29, -383.53, -485.30, -333.53
1492408039.2,-470.00, -14.27, -642.71, -904.18, 6.18, -362.65, -479.12, -304.12
1492408039.48,-407.15, -13.43, -631.86, -846.27, 5.88, -355.59, -472.35, -307.06
1492408039.75,-396.58, -13.71, -610.43, -877.02, 7.06, -357.06, -456.18, -295.30
1492408040.02,-376.29, -14.27, -771.57, -1214.33, -0.30, -280.30, -518.53, -348.83
1492408040.3,-213.72, -29.25, -716.43, -657.02, -14.12, -144.41, -515.88, -404.12
1492408040.66,-122.58, -48.74, -485.00, -360.60, -121.77, -174.41, -481.47, -404.12
