1493357594.52,6.43, -165.68, -431.18, -598.53, -308.82, -355.88
1493357594.52,-147.15, -40.26, -56.71, -125.68, 6.77, -316.47, -362.06
1493357594.52,-182.00, -31.51, -56.43, -165.68, -431.18, -598.53, -308.82, -355.88
1493357594.52,-147.15, -40.26, -56.71, -125.68, 6.77, -316.47, -362.06
1493357594.52,-182.00, -31.51, -56.43, -165.68, -431.18, -598.53, -308.82, -355.88
1493357595.45,-147.15, -40.26, -56.71, -125.68, -374.86, -923.60, -661.57, -193.44, -1215.59, -210.30, -7.65, -2.35
1493357595.73,-294.00, -1909.47, -779.57, -189.56, -1501.47, -358.83, -6.18, -46.18
1493357596.0,-257.72, -2197.61, -868.14, -187.17, -1562.94, -473.24, 15.59, -47.65
1493357596.28,-200.86, -2021.62, -857.86, -191.65, -1355.00, -365.00, -9.41, -26.47
1493357596.64,-159.15, -1913.43, -653.29, -188.66, -1386.18, -347.06, -83.53, -128.53
1493357597.01,-138.58, -1757.49, -716.43, -361.50, -1263.53, -567.94, -169.41, -279.71
1493357597.37,-199.43, -1495.35, -675.00, -274.03, -1227.94, -398.83, -87.06, -64.12
1493357597.74,-202.29, -1611.17, -504.14, -282.99, -1080.30, -435.59, -189.71, -122.94
1493357598.1,-288.29, -1523.60, -539.57, -379.71, -1146.18, -432.35, -69.12, -64.41
1493357598.47,-421.43, -1996.48, -586.71, -626.27, -1472.94, -341.77, -21.77, 5.00
1493357598.84,-576.86, -2806.93, -621.86, -388.66, -1484.71, -483.53, -18.24, 0.88
1493357599.11,-529.15, -1894.78, -718.14, -454.93, -846.18, -522.35, -13.53, -17.94
1493357599.29,-582.86, -1241.68, -778.43, -568.96, -562.35, -517.06, -28.24, -14.41
1493357599.47,-566.86, -915.40, -802.43, -671.95, -530.00, -476.47, -22.94, 1.47
1493357599.66,-700.58, -653.54, -724.14, -668.06, -503.24, -558.24, -12.35, 5.59
1493357599.84,-838.00, -638.29, -693.29, -722.69, -452.35, -543.24, -16.77, 2.65
1493357600.21,-830.00, -647.61, -761.57, -873.14, -431.18, -437.06, -21.47, -0.00
1493357600.57,-802.29, -1020.21, -795.57, -426.27, -871.18, -620.00, -23.24, -8.53
1493357600.94,-726.29, -830.38, -736.71, -457.62, -402.94, -562.06, -38.24, -20.59
1493357601.4,-608.00, -708.91, -569.00, -463.59, -564.12, -198.53, -29.71, -22.06
1493357601.85,-535.43, -884.05, -731.57, -525.68, -400.59, -222.06, -38.53, -59.41
1493357602.22,-663.72, -709.75, -788.71, -793.44, -401.18, -308.24, -43.53, -66.18
1493357602.58,-752.00, -775.01, -774.71, -799.71, -432.35, -309.12, -32.94, -47.65
1493357602.86,-647.72, -1025.01, -698.71, -674.93, -529.71, -254.71, -18.53, -14.41
1493357603.13,-576.00, -1245.06, -774.71, -627.17, -451.18, -240.00, -9.71, 3.53
1493357603.59,-578.29, -1187.72, -723.00, -478.81, -443.82, -220.00, -17.06, -22.06
1493357603.87,-482.86, -1032.07, -707.00, -497.62, -468.82, -225.30, -20.30, -29.41
1493357604.14,-580.00, -1105.52, -735.29, -638.51, -537.06, -232.35, -18.24, -35.00
1493357604.41,-651.15, -1180.38, -727.86, -745.68, -534.41, -275.88, -22.94, -47.06
1493357604.69,-674.00, -1050.71, -723.86, -757.92, -499.71, -271.18, -21.77, -37.35
1493357604.96,-651.15, -1010.60, -755.57, -717.62, -491.77, -232.35, -25.59, -52.94
1493357605.42,-631.15, -837.72, -749.29, -700.60, -441.77, -249.71, -32.65, -56.77
1493357605.79,-631.43, -780.94, -878.14, -684.48, -372.35, -227.06, -43.24, -55.30
1493357606.15,-604.86, -832.92, -777.00, -625.68, -511.18, -253.53, -40.30, -63.53
1493357606.52,-717.43, -899.87, -788.43, -673.14, -600.59, -311.18, -37.94, -62.06
1493357606.88,-729.15, -916.25, -758.43, -667.17, -585.59, -307.94, -39.41, -57.94
1493357607.25,-704.00, -932.64, -760.71, -645.98, -592.65, -266.18, -45.00, -66.47
1493357607.71,-660.00, -960.04, -721.00, -592.84, -617.94, -227.65, -51.47, -88.53
1493357608.07,-650.86, -770.21, -733.29, -738.81, -436.47, -292.94, -111.18, -187.06
1493357608.35,-699.43, -478.12, -795.57, -930.45, -350.30, -323.83, -171.18, -269.71
1493357608.62,-624.00, -390.55, -786.71, -962.09, -304.12, -300.30, -232.35, -326.77
1493357608.99,-581.15, -321.05, -771.00, -943.59, -244.71, -280.88, -317.35, -443.53
1493357609.35,-571.43, -216.25, -710.14, -982.09, -207.65, -282.94, -420.30, -558.53
1493357609.72,-608.58, -162.86, -677.00, -1149.86, -205.88, -340.00, -546.18, -685.00
1493357610.08,-606.58, -174.16, -661.86, -1187.77, -171.77, -315.59, -677.94, -835.59
1493357610.54,-585.15, -107.21, -626.14, -1245.68, -148.82, -292.94, -801.18, -993.24
1493357610.91,-601.15, -84.05, -608.71, -1385.98, -148.24, -311.77, -906.77, -1059.71
1493357611.27,-627.72, -99.87, -626.43, -1505.68, -140.59, -305.59, -950.00, -1004.12
1493357611.64,-674.86, -98.45, -599.29, -1376.72, -138.82, -252.94, -920.00, -927.94
1493357612.09,-606.00, -94.78, -551.00, -1147.77, -134.41, -230.30, -1040.59, -1045.88
1493357612.55,-621.43, -56.93, -533.86, -1298.51, -104.41, -255.30, -1114.41, -1149.12
1493357613.19,-633.43, -33.77, -474.43, -1280.60, -91.77, -202.94, -1137.35, -1035.88
1493357613.47,-577.72, -0.71, -439.86, -1160.00, -79.71, -193.24, -1146.18, -1023.24
1493357613.74,-557.72, 5.78, -414.43, -1119.41, -72.06, -184.12, -1162.94, -1022.35
1493357614.11,-559.72, 8.89, -400.43, -1114.63, -69.71, -173.24, -1165.30, -992.94
1493357614.56,-622.29, 13.41, -399.57, -1299.71, -70.30, -181.77, -1089.41, -922.65
1493357614.84,-750.86, -4474.44, -366.43, -1345.38, -70.59, -174.12, -1097.06, -923.83
1493357615.11,-745.72, 17.93, -343.86, -1287.77, -65.59, -153.53, -1047.35, -867.06
1493357615.39,-683.15, 17.93, -326.43, -1144.18, -61.47, -138.24, -979.12, -803.83
1493357615.75,-623.72, 17.36, -304.14, -1042.09, -60.30, -132.35, -877.06, -702.65
1493357616.21,-653.72, 16.23, -318.14, -1164.48, -67.35, -158.83, -730.59, -572.06
1493357616.76,-770.29, 16.23, -327.86, -1222.39, -55.00, -136.47, -718.24, -587.06
1493357617.12,-736.29, 14.82, -293.00, -1205.98, -58.24, -130.30, -862.94, -736.18
1493357617.4,-694.86, 13.69, -281.00, -1170.45, -52.35, -126.47, -908.24, -827.94
1493357617.76,-629.72, 13.41, -273.00, -1059.41, -53.82, -123.83, -802.94, -682.65
1493357618.13,-546.86, 13.41, -261.57, -971.95, -51.47, -105.00, -700.00, -647.65
1493357618.5,-496.58, 13.41, -255.29, -851.05, -56.18, -112.94, -640.00, -620.59
1493357618.96,-517.15, 11.43, -256.71, -1104.48, -63.53, -152.65, -730.30, -648.24
1493357619.23,-727.72, 9.17, -273.29, -1191.05, -75.59, -173.24, -730.30, -667.94
1493357619.59,-754.58, 8.32, -273.00, -1183.89, -73.24, -175.59, -703.53, -663.83
1493357619.96,-688.00, 10.30, -253.57, -1089.26, -60.59, -163.53, -645.30, -636.77
1493357620.32,-632.29, 12.56, -251.57, -1009.86, -46.47, -150.59, -691.77, -781.18
1493357620.78,-628.58, 13.97, -253.86, -1092.24, -38.24, -107.65, -730.88, -781.18
1493357621.33,-600.00, 12.56, -254.43, -872.84, -61.18, -100.59, -361.77, -435.30
1493357621.7,-354.29, 13.69, -226.14, -716.12, -49.71, -100.00, -428.82, -416.77
1493357622.06,-355.72, 13.13, -237.29, -768.96, -40.88, -105.30, -485.30, -447.94
1493357622.43,-462.29, 10.58, -234.14, -926.87, -52.94, -143.24, -518.24, -482.94
1493357622.89,-586.86, 8.04, -235.00, -1041.20, -67.06, -187.35, -537.94, -498.53
1493357623.34,-614.00, 8.32, -167.00, -869.56, -52.94, -186.47, -517.65, -512.65
1493357623.71,-554.29, 6.91, -112.14, -538.21, -100.59, -305.88, -426.47, -431.77
1493357624.08,-522.58, 6.91, -60.71, -274.33, -214.71, -496.18, -355.59, -483.24
