1492481676.76,89.57, 00, -403.53, -379.41, -446.47
1492481676.76,-765.72, -88.85, -213.00, -720.00, -42.94, -478.24, -343.53, -361.18
1492481676.76,-816.86, -113.99, -219.57, 00, -403.53, -379.41, -446.47
1492481676.76,-765.72, -88.85, -213.00, -720.00, -42.94, -478.24, -343.53, -361.18
1492481677.67,-816.86, -113.99, -219.57, -208.58, -316.25, -325.86, -250.15, -220.88, -10.30, -608.82, -735.88
1492481677.95,-126.58, -494.22, -396.43, -188.06, -331.18, 7.06, -656.47, -722.65
1492481678.22,-100.86, -549.58, -357.86, -149.56, -386.77, -1.77, -687.06, -737.06
1492481678.49,-133.43, -430.66, -319.00, -205.08, -324.41, -36.77, -750.30, -736.77
1492481678.86,-235.43, -334.33, -337.86, -311.95, -305.00, -80.88, -760.00, -748.53
1492481679.23,-365.43, -414.56, -320.14, -401.80, -277.65, -161.18, -724.71, -785.00
1492481679.59,-420.00, -380.38, -326.43, -386.87, -235.59, -146.77, -704.12, -727.06
1492481679.96,-310.00, -269.08, -321.29, -282.09, -208.24, -105.00, -706.18, -700.59
1492481680.32,-249.72, -257.49, -314.43, -225.68, -199.12, -69.41, -675.88, -718.24
1492481680.69,-208.86, -298.74, -315.29, -200.90, -196.47, -61.18, -706.77, -718.83
1492481681.05,-208.29, -269.08, -307.86, -193.44, -209.71, -58.53, -714.71, -706.77
1492481681.33,-208.00, -256.36, -317.86, -279.41, -208.53, -83.24, -717.06, -741.47
1492481681.51,-261.72, -290.26, -325.00, -326.57, -217.94, -111.18, -698.53, -745.59
1492481681.69,-307.43, -344.50, -323.57, -351.05, -239.41, -127.94, -695.00, -777.35
1492481681.88,-333.72, -375.86, -315.86, -357.02, -245.00, -151.47, -580.88, -707.06
1492481682.15,-373.72, -500.43, -314.14, -239.41, -243.53, -166.47, -51.18, -89.12
1492481682.42,-332.86, -783.20, -469.57, -140.90, -469.41, -51.18, -9.12, 1.17
1492481682.79,-325.72, -1538.00, -513.00, -118.21, -902.35, -84.71, -23.82, -3.53
1492481683.16,-343.15, -1909.75, -522.43, -73.74, -1218.24, -239.71, -35.00, -38.24
1492481683.52,-268.29, -1412.30, -498.14, -74.33, -1059.41, -309.71, -37.06, -61.18
1492481683.98,-255.43, -1160.60, -444.43, -63.29, -1082.06, -301.77, -101.77, -81.18
1492481684.34,-205.72, -1075.86, -405.86, -60.00, -1317.65, -265.30, -20.88, -77.94
1492481684.71,-138.58, -1208.91, -491.86, -180.60, -1261.47, -244.41, -26.77, -79.71
1492481685.07,-135.72, -984.33, -356.14, -128.66, -1285.88, -142.35, -50.59, -69.71
1492481685.35,-250.00, -957.78, -397.29, -121.50, -1141.77, -156.77, -42.06, -50.00
1492481685.72,-264.29, -904.67, -413.86, -290.15, -883.53, -157.65, -48.24, -22.06
1492481685.99,-382.00, -810.04, -486.43, -590.75, -615.30, -170.00, -13.24, -2.35
1492481686.27,-547.15, -711.73, -586.43, -633.74, -650.88, -214.71, -20.59, -78.24
1492481686.54,-449.15, -456.36, -690.71, -1043.29, -732.35, -248.83, -319.12, -727.35
1492481686.81,-453.72, -342.24, -678.71, -1346.27, -690.59, -296.47, -1015.30, -1359.12
1492481687.09,-502.29, -294.78, -686.14, -1476.42, -571.77, -341.77, -966.18, -1127.65
1492481687.45,-551.15, -297.89, -583.57, -1105.08, -389.12, -327.35, -463.24, -832.06
1492481687.91,-536.00, -238.57, -553.29, -949.86, -341.47, -279.71, -712.65, -947.06
1492481688.28,-540.58, -193.09, -624.71, -1284.78, -379.71, -340.88, -1114.12, -1178.83
1492481688.64,-600.29, -232.07, -681.57, -1388.96, -361.77, -389.71, -1123.24, -1160.88
1492481689.1,-618.58, -216.82, -672.14, -1357.32, -357.06, -372.06, -1081.77, -1098.83
1492481689.46,-636.86, -209.19, -630.14, -1271.65, -370.30, -341.47, -1040.88, -1074.71
1492481689.92,-642.29, -219.92, -601.29, -1242.99, -307.94, -382.35, -901.47, -1042.94
1492481690.2,-594.86, -210.04, -567.00, -1156.72, -330.88, -335.88, -877.94, -1053.53
1492481690.47,-564.29, -257.49, -583.57, -1070.75, -341.18, -321.77, -853.82, -994.41
1492481690.83,-580.00, -205.80, -547.29, -1066.57, -318.82, -339.41, -936.18, -987.94
1492481691.2,-585.43, -245.91, -542.14, -1046.57, -322.94, -335.00, -899.41, -937.35
1492481691.57,-608.86, -262.58, -613.29, -1153.74, -334.41, -342.94, -955.30, -989.71
1492481691.93,-621.72, -287.44, -672.14, -1255.53, -350.59, -395.30, -975.00, -989.41
1492481692.3,-658.86, -248.74, -653.57, -1187.77, -286.47, -296.47, -940.30, -950.30
1492481692.67,-591.72, -214.27, -620.14, -1065.08, -258.53, -255.00, -946.18, -944.41
1492481693.03,-570.29, -193.94, -577.29, -1075.83, -280.59, -267.06, -1021.77, -1013.53
1492481693.39,-619.72, -188.00, -617.57, -1237.62, -351.77, -346.47, -1013.53, -1049.41
1492481693.76,-624.00, -195.06, -688.71, -1377.02, -379.12, -387.06, -1127.06, -1106.77
1492481694.31,-628.29, -197.32, -680.71, -1280.00, -327.06, -277.35, -1088.53, -1062.06
1492481694.68,-519.15, -154.39, -613.86, -1078.51, -269.41, -192.06, -1105.30, -1051.18
1492481695.04,-461.43, -147.89, -551.00, -940.60, -233.53, -180.59, -1036.77, -982.65
1492481695.31,-439.72, -143.09, -496.14, -860.60, -226.47, -186.18, -1003.82, -971.77
1492481695.59,-442.00, -143.94, -488.14, -869.86, -235.00, -182.65, -1012.94, -984.71
1492481695.95,-459.43, -154.95, -507.29, -961.20, -264.12, -207.06, -1077.35, -1052.35
1492481696.41,-530.00, -153.54, -540.14, -1132.54, -293.82, -265.30, -1107.65, -1074.71
1492481696.78,-572.00, -143.94, -564.71, -1182.39, -275.00, -272.65, -1100.00, -1067.65
1492481697.05,-572.00, -140.26, -553.57, -1157.02, -277.94, -245.00, -1095.59, -1073.53
1492481697.33,-546.00, -134.33, -547.00, -1079.71, -281.77, -216.77, -1198.82, -1290.00
1492481697.6,-448.58, -105.23, -467.00, -1023.89, -175.88, -210.88, -1294.71, -1505.59
1492481697.97,-372.86, -81.79, -350.71, -854.03, -142.06, -214.71, -1065.00, -1183.24
1492481698.42,-339.15, -123.60, -306.14, -626.87, -157.65, -145.88, -1200.88, -1261.18
1492481698.88,-302.58, -83.77, -335.29, -716.72, -134.12, -188.24, -1051.77, -901.47
1492481699.16,-350.29, -88.00, -324.14, -806.57, -122.35, -225.59, -979.12, -1038.53
1492481699.52,-353.72, -116.82, -329.57, -749.26, -145.00, -200.59, -973.82, -947.06
1492481699.88,-336.58, -82.64, -298.14, -609.86, -122.94, -166.47, -996.77, -975.30
1492481700.43,-274.29, -75.86, -300.43, -537.62, -122.06, -142.35, -1006.77, -978.53
1492481700.89,-277.43, -85.18, -295.57, -520.30, -122.94, -145.59, -1023.53, -992.65
1492481701.26,-287.72, -78.96, -296.71, -533.44, -121.18, -149.71, -1008.53, -1011.47
1492481701.62,-301.72, -95.63, -306.71, -591.35, -140.00, -172.06, -993.82, -1038.53
1492481701.99,-374.86, -133.77, -307.86, -648.36, -167.06, -204.12, -1001.18, -1055.59
1492481702.35,-416.00, -135.74, -318.14, -668.96, -158.53, -207.35, -1015.00, -1049.41
1492481702.72,-389.43, -119.64, -306.14, -627.17, -154.12, -174.41, -1015.30, -1045.00
1492481703.09,-362.29, -105.80, -294.43, -591.35, -150.59, -165.88, -1019.12, -1033.24
1492481703.36,-339.72, -98.74, -285.29, -559.41, -141.77, -153.24, -1036.18, -1026.77
1492481703.63,-322.58, -92.52, -282.14, -558.21, -150.30, -152.65, -1115.30, -1137.35
1492481703.91,-322.86, -95.35, -308.71, -700.30, -191.47, -140.59, -1540.00, -1836.47
1492481704.27,-301.43, -85.74, -390.14, -974.63, -151.77, -224.41, -2192.94, -1563.53
1492481704.82,-372.86, -125.29, -226.43, -443.59, -78.82, -198.83, -1045.30, -958.53
1492481705.28,-293.72, -98.74, -245.00, -417.32, -74.12, -211.77, -1149.71, -927.65
1492481705.65,-311.15, -107.49, -212.43, -414.93, -88.24, -210.88, -1099.41, -972.94
1492481706.01,-402.58, -151.28, -205.00, -530.75, -110.00, -255.00, -1179.41, -1011.47
1492481706.38,-456.29, -144.78, -213.86, -622.09, -106.18, -283.24, -1139.12, -1038.53
1492481706.83,-452.00, -134.61, -173.29, -439.71, -88.24, -229.71, -947.65, -1016.18
1492481707.2,-352.58, -123.88, -178.14, -388.36, -81.18, -225.88, -1022.06, -969.12
1492481707.57,-342.00, -103.54, -183.00, -365.08, -78.53, -215.59, -999.71, -979.41
1492481707.84,-321.72, -100.71, -191.00, -425.08, -86.47, -235.00, -1051.18, -995.30
1492481708.2,-393.15, -146.19, -183.57, -479.71, -99.41, -267.65, -1028.82, -1008.83
1492481708.57,-470.00, -193.94, -188.71, -519.11, -113.24, -289.71, -1041.77, -1019.71
1492481709.03,-473.15, -171.62, -197.86, -519.41, -107.94, -257.35, -1061.47, -1004.12
1492481709.39,-426.86, -154.10, -203.86, -505.38, -102.94, -237.65, -1070.30, -984.41
1492481709.94,-371.43, -112.58, -208.14, -448.96, -87.35, -219.71, -1057.94, -968.83
1492481710.31,-353.43, -96.19, -186.71, -367.47, -87.35, -234.12, -1021.47, -960.88
1492481710.67,-349.72, -101.56, -181.86, -357.32, -85.30, -238.53, -1028.24, -963.24
1492481711.13,-377.43, -110.88, -177.00, -447.17, -98.53, -287.35, -1032.06, -990.30
1492481711.59,-485.15, -190.55, -173.29, -495.53, -116.77, -301.18, -1034.71, -1009.12
1492481712.05,-496.58, -173.60, -179.00, -495.23, -115.59, -265.00, -1069.12, -981.18
1492481712.41,-409.72, -109.47, -202.43, -465.08, -94.71, -218.24, -1072.94, -971.47
1492481712.77,-356.58, -92.24, -212.43, -430.15, -87.06, -206.77, -1074.12, -974.71
1492481713.14,-351.15, -89.70, -214.43, -402.39, -80.88, -212.35, -983.53, -834.41
1492481713.6,-331.72, -64.84, -196.14, -216.72, -79.12, -270.00, -530.88, -729.12
1492481713.97,-230.86, -87.72, -208.43, -465.98, -119.41, -208.24, -1094.71, -1014.12
1492481714.33,-431.43, -167.10, -181.86, -529.26, -138.53, -339.12, -1077.65, -923.83
1492481714.6,-571.43, -180.38, -174.14, -585.68, -132.06, -355.88, -1041.18, -1031.18
1492481715.06,-527.15, -153.82, -184.71, -543.59, -97.35, -274.12, -1048.53, -913.83
1492481715.43,-391.43, -84.90, -188.14, -434.63, -84.71, -228.53, -1075.59, -931.77
1492481715.79,-343.15, -73.88, -194.14, -404.48, -74.71, -211.47, -1033.53, -902.35
1492481716.16,-322.58, -73.03, -192.14, -379.71, -74.71, -220.88, -1040.30, -900.00
1492481716.52,-320.00, -66.82, -199.57, -450.15, -73.82, -234.12, -1136.77, -1046.47
1492481716.89,-392.00, -102.69, -262.14, -840.90, -113.24, -268.24, -1938.53, -1520.88
1492481717.25,-533.43, -131.79, -331.00, -1057.62, -132.35, -300.30, -1172.94, -796.18
1492481717.53,-499.72, -225.01, -367.29, -693.44, -96.47, -253.53, -930.30, -1219.41
1492481717.8,-456.58, -152.41, -193.00, -426.57, -83.24, -196.47, -757.65, -1052.65
1492481718.08,-406.29, -197.61, -196.71, -489.26, -124.41, -230.88, -1008.82, -1184.41
1492481718.45,-555.72, -173.03, -199.57, -548.36, -174.41, -318.83, -1103.53, -1096.47
1492481718.72,-652.86, -184.05, -190.71, -547.77, -125.59, -321.47, -933.82, -1203.83
1492481718.99,-610.00, -172.18, -210.43, -500.90, -88.24, -270.88, -876.77, -1092.35
1492481719.36,-553.15, -127.27, -190.71, -389.56, -91.77, -251.47, -760.00, -1050.59
1492481719.72,-499.43, -117.66, -195.00, -364.18, -72.65, -235.00, -749.41, -1023.24
1492481720.0,-497.72, -104.10, -199.00, -351.95, -76.47, -240.30, -772.35, -1003.53
1492481720.46,-499.72, -102.97, -190.14, -384.78, -85.88, -263.24, -779.12, -1051.77
1492481720.91,-600.86, -151.28, -186.71, -501.80, -118.53, -317.06, -945.88, -1516.77
1492481721.18,-645.43, -192.24, -204.14, -612.84, -103.82, -340.30, -1211.77, -1782.65
1492481721.46,-604.29, -164.27, -176.71, -512.24, -97.06, -480.88, -1575.30, -1934.71
1492481721.73,-534.29, -239.70, -168.14, -479.41, -142.65, -478.24, -1591.47, -2020.30
1492481722.1,-461.43, -282.35, -180.71, -519.11, -152.94, -491.18, -2351.47, -2528.53
1492481722.47,-567.15, -188.00, -207.57, -969.26, -64.12, -503.83, -3816.47, -3781.77
1492481722.83,-701.15, -123.31, -343.57, -1302.69, -46.18, -515.30, -4348.53, -4127.35
1492481723.1,-761.72, -79.25, -278.43, -1402.69, -40.00, -507.65, -4316.47, -4384.12
1492481723.38,-967.15, -98.74, -325.00, -1619.11, -51.77, -549.12, -4112.06, -4467.06
1492481723.84,-1092.29, -89.70, -298.43, -1682.99, -42.65, -547.65, -2160.88, -1852.06
1492481724.2,-439.43, -111.73, -157.86, -125.98, -392.65, -239.41, -851.18, -1906.47
1492481724.57,-217.72, -136.59, -227.00, -257.62, -109.12, -196.47, -1835.88, -2568.53
1492481724.84,-335.43, -161.73, -268.71, -1103.29, -38.24, -174.41, -3317.94, -2777.06
1492481725.03,-618.00, -134.05, -256.14, -911.35, -78.24, -181.18, -935.59, -952.94
1492481725.21,-378.00, -166.25, -169.29, -168.66, -280.59, -121.18, -222.35, -272.94
1492481725.39,-243.15, -265.69, -161.29, -57.62, -357.65, -115.59, -195.30, -283.83
1492481725.76,-184.29, -384.33, -180.71, -48.96, -367.94, -170.59, -344.41, -317.06
1492481726.12,-141.43, -249.30, -192.43, -40.90, -415.88, -144.12, -328.82, -314.71
1492481726.49,-109.15, -348.17, -217.29, -63.59, -512.94, -107.65, -429.41, -414.41
1492481726.85,-91.15, -432.92, -209.00, -44.18, -462.94, -75.30, -303.24, -401.77
1492481727.31,-130.00, -476.99, -217.29, -88.06, -434.12, -91.47, -205.59, -284.12
1492481727.67,-99.72, -930.66, -292.14, -49.26, -603.82, -175.30, -160.30, -210.00
1492481728.13,-121.43, -870.49, -278.43, -64.18, -530.00, -104.41, -231.77, -272.94
1492481728.5,-93.15, -910.32, -278.71, -77.62, -492.94, -150.59, -373.24, -391.77
1492481728.87,-112.58, -645.35, -288.14, -54.63, -663.82, -158.24, -458.24, -462.94
1492481729.14,-83.72, -265.40, -291.86, -46.27, -586.77, -152.65, -618.53, -575.88
1492481729.41,-79.43, -306.36, -270.71, -57.92, -424.71, -154.41, -525.59, -534.12
1492481729.69,-112.29, -484.90, -254.43, -57.92, -548.82, -91.77, -370.00, -433.24
1492481729.96,-111.72, -425.86, -258.43, -126.57, -524.12, -60.59, -328.53, -371.77
1492481730.24,-157.15, -179.25, -299.00, -305.08, -273.82, -66.18, -480.59, -468.83
1492481730.6,-291.72, -237.72, -261.29, -321.20, -238.24, -50.00, -374.71, -547.65
1492481730.97,-445.72, -289.42, -277.00, -428.96, -229.71, -77.35, -258.24, -331.77
1492481731.43,-460.58, -212.30, -387.00, -338.21, -449.71, -84.71, -282.35, -269.12
1492481731.88,-312.86, -360.04, -357.29, -194.63, -405.59, -36.47, -269.71, -235.30
1492481732.34,-234.00, -220.49, -187.00, -219.71, -310.30, -44.41, -240.59, -248.53
1492481732.7,-322.86, -283.77, -171.00, -280.00, -361.18, -92.94, -296.18, -246.18
1492481733.59,-414.00, -321.62, -204.14, -277.32, -430.88, -94.12, -199.41, -229.41
1492481733.86,-377.43, -271.90, -206.14, -205.08, -334.12, -90.88, -224.41, -240.88
1492481734.13,-333.15, -254.95, -206.43, -163.89, -453.53, -122.35, -148.82, -81.77
1492481734.41,-460.29, -353.82, -193.29, -145.38, -735.59, -198.83, -27.35, -17.65
1492481734.77,-628.58, -655.23, -311.86, -137.02, -1162.65, -272.94, -14.71, 4.41
1492481735.14,-554.58, -1425.86, -491.29, -75.53, -1576.18, -280.88, -16.77, -0.88
1492481735.5,-280.00, -2359.19, -443.57, -41.20, -1605.00, -369.41, -25.59, -16.47
1492481735.87,-158.86, -2141.68, -432.14, -47.47, -1220.00, -326.18, -20.30, -30.00
1492481736.33,-135.15, -1845.35, -382.43, -48.96, -1163.53, -269.41, -49.12, -52.35
1492481736.69,-118.86, -1568.23, -406.43, -44.18, -1020.00, -297.06, -32.94, -23.53
1492481737.15,-103.72, -1489.70, -397.86, -34.93, -989.12, -315.88, -126.47, -72.06
1492481737.52,-101.15, -1636.87, -400.14, -45.98, -1305.00, -332.94, -34.12, -71.47
1492481737.79,-116.86, -1550.15, -453.29, -123.29, -1063.82, -260.88, -24.41, -16.18
1492481738.16,-215.72, -1430.66, -449.86, -355.53, -1039.71, -170.88, -216.47, -299.41
1492481738.52,-336.00, -813.71, -577.00, -701.20, -514.71, -281.18, -653.24, -667.65
1492481738.98,-393.72, -658.62, -628.43, -688.36, -520.59, -255.59, -483.53, -475.00
1492481739.34,-394.86, -485.46, -575.00, -785.98, -384.12, -331.77, -499.41, -566.18
1492481739.8,-462.00, -667.95, -631.29, -969.56, -432.35, -377.06, -769.41, -898.83
1492481740.17,-490.00, -873.60, -641.00, -1110.75, -534.12, -387.94, -825.00, -832.94
1492481740.53,-491.15, -755.23, -614.14, -961.50, -400.59, -305.30, -690.00, -760.00
1492481740.9,-469.72, -613.71, -593.57, -834.63, -359.41, -241.77, -744.12, -744.12
1492481741.26,-427.72, -678.68, -585.86, -890.45, -346.77, -251.77, -796.18, -895.00
1492481741.63,-450.58, -638.57, -612.43, -972.84, -359.41, -263.24, -834.41, -1009.41
1492481741.9,-445.15, -615.12, -662.43, -1094.93, -329.12, -325.30, -842.06, -1011.18
1492481742.18,-441.15, -622.75, -709.86, -1180.30, -357.65, -367.35, -921.18, -1132.06
1492481742.55,-455.15, -605.52, -700.43, -1175.23, -319.71, -309.71, -874.41, -1026.77
1492481742.91,-426.58, -555.80, -617.86, -885.08, -321.47, -223.83, -815.59, -928.24
1492481743.46,-357.15, -527.83, -577.86, -723.29, -327.06, -200.88, -772.94, -864.71
1492481743.82,-355.72, -572.18, -588.43, -802.09, -329.71, -227.94, -837.65, -850.30
1492481744.19,-423.43, -556.65, -635.29, -920.30, -382.35, -281.18, -830.30, -708.53
1492481744.56,-510.00, -499.30, -640.71, -989.26, -352.94, -395.00, -841.18, -700.30
1492481745.01,-521.15, -452.97, -632.14, -997.02, -322.06, -352.06, -795.00, -778.83
1492481745.56,-474.00, -460.04, -612.43, -986.27, -297.06, -354.12, -888.53, -999.41
1492481745.83,-427.72, -460.60, -637.86, -1100.90, -276.18, -371.77, -977.35, -1156.77
1492481746.11,-418.29, -452.97, -656.71, -1181.80, -256.77, -395.59, -951.47, -1056.47
1492481746.38,-427.15, -463.14, -657.57, -1117.62, -275.88, -367.35, -935.00, -1028.24
1492481746.75,-440.29, -441.68, -618.14, -1018.21, -275.00, -315.59, -902.94, -991.47
1492481747.11,-408.00, -407.78, -603.00, -918.81, -243.82, -247.06, -1023.53, -1231.77
1492481747.48,-338.58, -368.51, -596.14, -966.57, -195.88, -260.88, -1324.41, -1229.41
1492481747.85,-338.29, -321.62, -532.71, -1044.18, -195.59, -297.94, -1330.30, -1174.71
1492481748.21,-329.72, -448.45, -515.29, -925.98, -260.00, -208.83, -1658.53, -1312.35
1492481748.67,-244.00, -406.65, -412.71, -747.47, -223.24, -206.77, -1907.35, -1486.47
1492481749.13,-264.00, -308.34, -389.57, -747.77, -231.18, -255.00, -2050.59, -1764.71
1492481749.67,-313.43, -308.62, -339.86, -720.60, -303.24, -219.12, -2401.18, -1877.35
1492481750.13,-281.43, -232.64, -362.14, -725.98, -267.94, -207.35, -1407.65, -1757.06
1492481750.5,-221.72, -273.31, -333.00, -487.47, -316.77, -201.18, -920.00, -1129.41
1492481750.86,-95.43, -497.04, -332.43, -159.11, -253.82, -375.30, -1060.88, -1297.65
1492481751.14,-156.29, -649.87, -363.29, -157.92, -330.00, -437.94, -1231.47, -1222.35
1492481751.41,-146.29, -639.70, -380.71, -157.02, -402.65, -380.59, -1095.88, -906.47
1492481751.87,-133.72, -374.73, -314.71, -40.90, -422.94, -297.06, -593.53, -591.77
1492481752.23,-135.15, -352.69, -267.00, -99.11, -521.47, -383.83, -935.30, -743.83
1492481752.6,-120.00, -302.13, -337.00, -137.32, -662.65, -324.12, -1036.18, -831.18
1492481752.97,-99.72, -410.32, -313.57, -99.41, -387.35, -299.71, -592.65, -760.30
1492481753.42,-105.15, -385.18, -264.71, -130.45, -331.18, -192.65, -1103.82, -1025.59
1492481753.97,-96.00, -200.15, -286.14, -433.14, -200.59, -202.65, -2648.24, -2654.71
1492481754.43,-272.86, -86.59, -313.00, -957.92, -86.18, -292.35, -2330.88, -2610.30
1492481754.7,-477.15, -171.05, -309.00, -847.17, -97.65, -310.59, -1669.12, -1857.35
1492481754.89,-448.00, -127.27, -249.57, -647.77, -166.77, -228.53, -1300.88, -1551.77
1492481755.07,-378.00, -123.60, -235.86, -551.35, -160.59, -233.83, -1251.77, -1564.12
1492481755.34,-289.72, -300.71, -235.86, -423.89, -225.00, -260.59, -1104.12, -1404.41
1492481755.62,-201.43, -533.48, -275.57, -397.02, -291.47, -206.18, -1256.77, -1105.59
1492481755.98,-381.72, -132.07, -234.43, -500.00, -328.82, -149.12, -1024.41, -1058.83
1492481756.35,-485.43, -275.29, -371.29, -687.17, -370.00, -168.83, -1086.18, -1070.00
1492481756.62,-600.29, -344.22, -322.43, -621.50, -378.82, -179.71, -910.59, -673.53
1492481756.9,-568.00, -223.31, -273.29, -416.12, -203.53, -160.00, -658.82, -573.83
1492481757.26,-386.29, -104.67, -263.57, -341.80, -168.53, -134.41, -639.71, -554.12
1492481757.63,-324.00, -107.49, -315.29, -365.68, -135.00, -97.06, -595.88, -578.24
1492481757.99,-370.29, -106.36, -297.57, -362.09, -130.88, -129.12, -665.30, -533.24
1492481758.36,-451.72, -71.05, -285.00, -397.02, -112.65, -174.12, -652.35, -550.88
1492481758.72,-448.58, -86.87, -264.71, -404.78, -138.53, -167.35, -592.94, -512.65
1492481759.0,-529.15, -113.43, -229.00, -354.93, -193.82, -241.77, -159.71, -255.59
1492481759.27,-596.58, -247.61, -299.57, -247.47, -338.24, -215.59, 3.53, -9.12
1492481759.55,-514.86, -482.35, -330.71, -217.62, -540.88, -130.59, -13.53, -45.88
1492481759.82,-508.29, -373.03, -494.43, -769.26, -240.88, -148.83, -479.41, -630.00
1492481760.18,-497.15, -195.91, -539.57, -949.56, -231.47, -165.88, -786.18, -736.18
1492481760.64,-436.29, -121.34, -436.43, -837.92, -125.59, -109.41, -802.65, -880.88
1492481761.01,-330.00, -118.79, -359.57, -728.96, -94.41, -75.88, -824.41, -941.47
1492481761.38,-350.29, -102.13, -342.14, -854.93, -96.77, -141.18, -1000.88, -940.88
1492481761.65,-436.29, -125.01, -381.57, -984.78, -104.71, -186.47, -1075.00, -970.30
1492481761.92,-501.15, -150.43, -405.86, -1050.45, -90.88, -252.94, -1071.77, -1030.30
1492481762.29,-542.00, -137.72, -381.86, -978.21, -100.00, -230.30, -875.00, -963.83
1492481762.65,-488.58, -156.36, -333.86, -832.24, -91.18, -163.83, -850.88, -947.06
1492481762.93,-430.29, -121.62, -322.14, -772.24, -75.88, -134.12, -847.65, -899.41
1492481763.11,-389.15, -105.80, -316.71, -702.09, -73.53, -122.06, -833.53, -885.30
1492481763.29,-366.00, -104.95, -314.14, -685.68, -67.94, -116.77, -818.82, -877.65
1492481763.48,-361.72, -99.02, -302.14, -666.87, -66.18, -119.71, -805.30, -862.65
1492481763.66,-354.86, -97.04, -297.00, -648.06, -66.47, -112.35, -813.53, -843.83
1492481764.03,-336.58, -93.94, -291.86, -654.93, -62.94, -111.77, -814.41, -826.77
1492481764.48,-342.29, -90.55, -274.14, -664.48, -87.94, -119.71, -960.59, -809.41
1492481764.94,-284.58, -177.27, -316.14, -774.03, -140.59, -142.65, -898.24, -798.53
1492481765.4,-427.15, -185.18, -253.86, -748.66, -120.59, -222.65, -953.24, -1076.77
1492481765.76,-459.15, -128.40, -255.29, -694.33, -115.88, -227.35, -624.12, -335.59
1492481766.04,-596.58, -258.34, -229.29, -175.53, -517.94, -202.35, -7.06, 5.59
1492481766.4,-520.00, -1030.38, -409.00, -97.02, -1265.59, -173.24, -10.30, -2.65
1492481766.77,-331.72, -1496.19, -459.00, -70.45, -1077.94, -257.65, 0.59, -17.94
1492481767.13,-198.29, -1240.55, -404.14, -35.23, -947.35, -224.71, -111.47, -82.65
1492481767.5,-124.29, -972.18, -398.43, -36.12, -876.77, -221.18, -272.35, -153.83
1492481767.77,-122.86, -762.58, -425.57, -155.23, -729.12, -148.53, -88.82, -230.59
1492481768.05,-193.43, -513.71, -551.00, -521.50, -391.47, -171.47, -856.18, -945.88
1492481768.32,-392.86, -288.85, -712.14, -993.14, -302.06, -238.53, -1230.30, -1134.41
1492481768.69,-448.58, -212.01, -496.14, -958.21, -196.18, -271.77, -936.47, -900.88
1492481769.05,-429.72, -189.70, -352.14, -640.90, -234.41, -202.94, -711.47, -783.83
1492481769.6,-312.58, -163.14, -272.14, -494.03, -195.88, -234.71, -762.94, -856.77
1492481769.88,-379.15, -199.58, -262.14, -494.93, -186.18, -223.24, -853.53, -883.24
1492481770.15,-416.00, -209.75, -297.86, -635.23, -219.12, -239.71, -849.12, -967.65
1492481770.43,-476.58, -241.11, -323.29, -723.59, -264.12, -269.41, -884.41, -985.30
1492481770.88,-513.43, -237.44, -344.14, -784.78, -242.94, -280.30, -922.06, -982.35
1492481771.34,-438.29, -179.25, -340.14, -683.89, -166.77, -203.53, -879.71, -923.24
1492481771.7,-338.00, -146.48, -336.71, -641.50, -135.30, -197.06, -911.47, -921.77
1492481771.98,-320.00, -137.16, -337.57, -627.17, -127.06, -197.06, -991.47, -991.18
1492481772.25,-323.72, -134.33, -337.57, -644.48, -130.30, -198.83, -956.18, -1030.30
1492481772.62,-329.72, -145.35, -353.86, -770.75, -168.24, -208.53, -1083.53, -1070.30
1492481773.07,-403.15, -167.10, -396.43, -951.65, -222.35, -299.12, -1142.94, -1100.59
1492481773.44,-510.86, -199.58, -373.00, -895.23, -222.35, -274.12, -1049.41, -1072.06
1492481773.72,-433.43, -157.49, -368.43, -844.48, -171.47, -243.83, -1052.65, -1054.41
1492481773.99,-376.58, -132.07, -354.71, -787.17, -156.47, -211.18, -1063.53, -1020.00
1492481774.17,-325.43, -124.44, -349.00, -727.47, -141.18, -202.65, -1037.94, -1015.88
1492481774.45,-310.86, -128.12, -348.14, -710.15, -134.41, -198.53, -1038.24, -1017.06
1492481774.9,-309.43, -126.99, -346.43, -685.08, -130.59, -192.06, -1000.88, -995.00
1492481775.36,-297.15, -134.33, -349.29, -697.62, -130.30, -195.59, -1022.65, -998.83
1492481775.73,-352.86, -138.29, -347.29, -769.56, -179.41, -241.77, -1066.18, -1002.06
1492481776.18,-432.29, -171.90, -385.00, -884.18, -215.30, -277.94, -1049.12, -1029.12
1492481776.55,-430.00, -173.03, -397.29, -811.95, -212.35, -242.06, -928.24, -897.65
1492481777.01,-236.29, -102.69, -416.71, -597.32, -196.47, -201.18, -950.59, -927.94
1492481777.64,-273.15, -183.48, -407.29, -542.99, -237.65, -221.47, -995.88, -957.35
1492481778.01,-450.86, -237.72, -219.57, -657.92, -223.82, -249.41, -1086.77, -1155.30
1492481778.38,-482.00, -152.69, -249.29, -760.30, -198.53, -200.30, -1267.65, -1149.41
1492481778.65,-350.58, -93.09, -251.29, -679.11, -127.06, -143.53, -1106.18, -1036.18
1492481778.93,-277.43, -88.57, -260.43, -537.62, -88.53, -123.83, -822.06, -758.53
1492481779.38,-241.43, -74.73, -224.43, -327.47, -65.59, -124.71, -741.47, -768.83
1492481779.84,-248.00, -120.21, -247.57, -566.87, -118.53, -129.41, -1039.71, -1010.59
1492481780.3,-361.15, -171.62, -295.29, -780.00, -160.00, -222.06, -1107.94, -1025.88
1492481780.66,-398.58, -152.13, -291.57, -781.20, -164.41, -192.35, -1077.35, -922.35
1492481781.03,-227.15, -76.70, -268.71, -647.47, -76.18, -128.24, -1075.30, -915.00
1492481781.49,-226.86, -97.89, -254.71, -604.78, -99.71, -115.59, -886.77, -1002.06
1492481781.85,-301.15, -104.10, -265.57, -685.38, -77.35, -172.35, -685.59, -798.53
1492481782.22,-402.86, -214.84, -275.86, -788.06, -162.94, -214.41, -784.12, -790.00
1492481782.67,-455.43, -252.69, -264.43, -849.86, -209.71, -231.18, -1126.47, -1285.00
1492481783.04,-398.29, -108.06, -271.00, -890.15, -145.88, -223.24, -1157.35, -1215.00
1492481783.5,-394.29, -81.79, -281.00, -799.41, -125.88, -177.35, -1140.59, -1151.47
1492481783.86,-336.29, -75.86, -273.00, -744.78, -100.30, -142.65, -1103.82, -1135.00
1492481784.14,-310.58, -73.88, -279.57, -722.99, -93.53, -134.71, -1081.18, -1091.47
1492481784.5,-294.29, -80.09, -277.57, -696.42, -99.71, -123.83, -1093.24, -1094.12
1492481784.87,-305.15, -85.46, -278.71, -742.99, -116.18, -155.00, -1102.65, -1111.47
1492481785.23,-391.43, -119.36, -283.00, -811.05, -161.18, -181.47, -1112.06, -1124.41
1492481785.85,-412.58, -114.84, -286.14, -804.78, -150.59, -177.94, -1098.82, -1105.30
1492481786.22,-354.86, -95.35, -273.86, -746.87, -122.65, -147.65, -1063.53, -1065.59
1492481786.59,-330.86, -78.68, -264.43, -685.98, -103.24, -140.59, -1046.18, -1039.71
1492481787.05,-299.43, -78.40, -277.29, -667.77, -92.06, -130.59, -982.94, -992.65
1492481787.5,-322.86, -72.47, -255.86, -622.09, -93.24, -142.94, -942.65, -976.18
1492481788.05,-316.86, -71.05, -264.14, -659.71, -116.77, -143.24, -1310.59, -1278.53
1492481788.41,-373.72, -52.69, -316.14, -1016.72, -105.00, -259.71, -1906.77, -1497.94
1492481788.78,-555.72, -53.82, -322.71, -1105.98, -113.82, -325.30, -2484.12, -1717.65
1492481789.15,-547.72, -70.49, -286.14, -592.84, -152.35, -278.24, -885.59, -857.06
1492481789.6,-435.43, -102.97, -274.43, -340.90, -120.88, -255.59, -720.88, -768.83
1492481789.97,-314.00, -67.66, -243.57, -288.66, -122.65, -216.77, -977.65, -776.47
1492481790.33,-354.00, -104.39, -203.57, -285.38, -125.88, -220.59, -710.59, -786.18
1492481790.7,-455.72, -174.16, -196.71, -348.36, -125.30, -290.88, -895.00, -793.53
1492481791.07,-533.72, -121.05, -167.57, -345.38, -116.77, -256.77, -805.59, -777.94
1492481791.52,-440.86, -113.14, -132.43, -300.30, -92.65, -218.24, -838.82, -753.83
1492481791.89,-403.43, -75.57, -128.43, -256.12, -82.06, -214.71, -810.30, -780.30
1492481792.34,-392.58, -72.18, -133.00, -256.72, -77.35, -220.30, -826.77, -761.77
1492481792.71,-404.00, -70.49, -127.86, -272.24, -78.24, -226.77, -824.71, -767.35
1492481793.17,-421.43, -86.59, -125.29, -332.24, -85.59, -273.53, -825.59, -802.06
1492481793.54,-552.29, -132.35, -125.29, -399.11, -95.00, -326.77, -840.88, -811.77
1492481793.9,-577.72, -117.95, -130.43, -394.63, -82.35, -310.59, -840.30, -795.59
1492481794.17,-529.15, -90.26, -126.71, -356.42, -82.06, -288.53, -845.30, -777.35
1492481794.45,-483.43, -78.68, -133.00, -332.54, -73.53, -260.00, -840.00, -762.06
1492481794.81,-450.86, -64.56, -141.29, -285.08, -81.18, -251.77, -555.30, -586.77
1492481795.18,-346.00, -53.54, -141.86, -167.77, -95.88, -249.41, -654.71, -692.06
1492481795.55,-290.00, -106.93, -137.57, -382.69, -64.12, -191.47, -992.06, -789.41
1492481795.91,-369.15, -167.38, -136.71, -536.42, -125.00, -247.94, -902.06, -798.83
1492481796.18,-495.72, -189.98, -143.86, -554.93, -115.00, -260.88, -984.12, -843.53
1492481796.55,-464.00, -178.96, -137.00, -445.68, -139.41, -221.18, -855.88, -792.65
1492481796.92,-411.43, -99.30, -118.71, -368.66, -83.82, -303.24, -920.59, -785.30
1492481797.19,-447.43, -53.54, -112.14, -364.18, -60.88, -309.41, -833.82, -779.41
1492481797.47,-437.43, -56.65, -126.71, -352.84, -53.24, -283.53, -816.18, -800.30
1492481797.74,-405.15, -48.74, -132.43, -358.21, -50.59, -286.77, -805.88, -832.65
1492481798.11,-435.43, -52.69, -135.29, -441.20, -56.47, -304.71, -897.35, -779.41
1492481798.47,-533.72, -84.05, -123.29, -477.32, -74.12, -354.41, -879.41, -812.35
1492481798.83,-590.00, -106.36, -128.43, -517.62, -70.30, -371.18, -887.94, -801.18
1492481799.2,-537.72, -77.27, -124.71, -457.62, -67.94, -324.41, -910.00, -775.88
1492481799.48,-484.29, -58.06, -131.29, -417.62, -54.12, -294.41, -875.88, -769.41
1492481799.75,-447.43, -49.02, -136.43, -408.96, -45.00, -301.77, -878.82, -758.83
1492481800.21,-467.43, -46.19, -130.71, -408.96, -46.18, -302.06, -798.53, -850.30
1492481800.57,-499.43, -40.26, -135.29, -603.29, -23.82, -420.88, -561.77, -698.24
1492481800.94,-657.15, -36.31, -126.14, -819.41, -17.06, -496.47, -481.47, -664.41
1492481801.21,-749.72, -39.98, -121.00, -867.77, -22.94, -509.12, -471.47, -640.88
1492481801.48,-686.86, -39.13, -113.57, -779.41, -30.88, -473.53, -448.53, -595.59
