1492481479.34,342.58, -73.31, -105.29, -258.21, -66.47, -100.59, -126.47, -158.83
1492481480.27,-407.72, -119.36, -103.29, -420.86, -99.58, -101.29, -195.53, -100.59, -142.65, -225.30, -173.83
1492481480.54,-410.86, -78.40, -99.00, -193.44, -105.59, -165.59, -251.18, -179.71
1492481480.82,-518.00, -126.70, -130.71, -206.87, -191.18, -212.65, -407.06, -295.00
1492481481.09,-558.29, -197.89, -219.86, -232.54, -322.94, -263.24, -623.24, -465.88
1492481481.46,-607.43, -325.01, -200.71, -223.89, -596.77, -403.24, -716.18, -489.41
1492481481.82,-507.15, -411.45, -339.86, -205.38, -441.77, -228.83, -619.41, -463.24
1492481482.19,-262.86, -521.05, -541.29, -310.45, -246.77, -106.77, -629.41, -463.24
1492481482.55,-296.86, -402.13, -400.71, -136.72, -270.88, -224.41, -409.41, -425.59
1492481482.92,-370.86, -306.08, -313.86, -248.36, -330.59, -289.12, -495.30, -445.88
1492481483.29,-473.43, -263.71, -348.43, -253.14, -238.53, -269.12, -442.65, -429.12
1492481483.65,-351.15, -224.44, -365.86, -197.62, -215.30, -221.18, -455.00, -418.83
1492481483.92,-304.58, -206.65, -364.43, -168.36, -208.24, -217.06, -451.47, -413.53
1492481484.11,-300.58, -195.63, -356.43, -160.00, -204.41, -218.24, -431.18, -420.59
1492481484.29,-292.29, -191.68, -359.29, -165.68, -204.41, -216.18, -441.47, -412.35
1492481484.47,-279.72, -221.62, -368.14, -166.57, -296.77, -199.12, -398.24, -417.35
1492481484.75,-290.00, -251.00, -345.86, -163.29, -273.82, -257.94, -346.47, -402.06
1492481485.02,-303.43, -149.30, -329.29, -205.98, -234.71, -293.83, -347.65, -415.00
1492481485.39,-338.29, -141.68, -315.00, -284.78, -236.47, -324.71, -362.94, -419.41
1492481485.75,-390.86, -167.95, -314.43, -262.99, -185.59, -326.77, -467.65, -401.77
1492481486.12,-248.29, -201.56, -356.43, -191.95, -243.53, -173.53, -488.24, -384.12
1492481486.58,-210.86, -214.27, -364.71, -177.92, -157.94, -187.06, -491.77, -395.30
1492481486.94,-268.58, -205.52, -345.29, -218.81, -194.12, -213.53, -475.59, -403.24
1492481487.31,-335.43, -308.62, -340.14, -251.05, -359.71, -295.88, -122.65, -154.41
1492481487.67,-352.29, -857.78, -349.00, -77.92, -692.06, -289.12, 3.53, -22.65
1492481487.95,-357.43, -1679.53, -485.57, -60.90, -1062.65, -317.35, -14.41, 3.23
1492481488.4,-415.15, -2537.44, -651.29, -74.33, -1325.88, -420.59, 25.59, -13.53
1492481488.68,-272.86, -2107.78, -710.14, -57.62, -1458.82, -458.53, 5.88, -15.30
1492481488.95,-245.72, -1801.28, -707.86, -86.87, -1430.59, -438.24, -1.18, -14.41
1492481489.23,-256.00, -1793.09, -673.86, -62.09, -1462.94, -432.94, -1.77, -24.41
1492481489.5,-201.15, -1724.73, -575.57, -68.96, -1392.94, -362.35, -6.18, -30.88
1492481489.78,-170.00, -1566.25, -545.57, -94.63, -1326.18, -361.18, -85.30, -91.47
1492481490.14,-183.72, -1377.83, -580.14, -123.89, -1332.35, -389.41, -128.82, -109.41
1492481490.51,-238.29, -1410.88, -626.14, -135.83, -1620.30, -526.77, -53.24, -76.77
1492481490.87,-186.29, -1439.13, -605.00, -241.50, -1635.88, -337.06, -30.88, -50.59
1492481491.24,-222.86, -1289.98, -485.86, -231.65, -1503.82, -232.94, -15.88, -45.00
1492481491.7,-178.58, -1238.85, -465.57, -211.65, -1655.00, -205.30, -14.12, -23.83
1492481492.06,-296.29, -1113.99, -466.14, -427.47, -1002.94, -141.77, 0.88, 14.41
1492481492.52,-452.29, -1465.97, -530.71, -490.15, -1070.59, -145.00, -8.24, -19.71
1492481492.79,-447.15, -989.70, -681.57, -976.42, -836.77, -203.83, -185.88, -472.06
1492481493.07,-411.43, -447.04, -805.29, -1386.87, -838.24, -318.53, -1243.24, -1185.00
1492481493.43,-531.43, -402.97, -855.86, -1582.69, -795.00, -357.65, -1403.82, -1165.00
1492481493.8,-545.43, -407.78, -842.71, -1427.17, -717.35, -399.12, -1227.06, -1082.06
1492481494.16,-624.00, -312.01, -770.14, -1285.38, -556.77, -460.00, -1089.71, -943.83
1492481494.53,-620.29, -323.03, -721.00, -1184.78, -501.77, -435.59, -1015.59, -928.83
1492481494.89,-642.86, -365.69, -751.57, -1252.54, -522.94, -491.77, -1020.59, -901.77
1492481495.26,-638.86, -330.66, -834.71, -1392.24, -540.00, -526.47, -1036.47, -917.94
1492481495.63,-665.15, -310.60, -888.71, -1445.68, -541.18, -509.12, -1074.12, -940.88
1492481495.9,-681.15, -281.51, -825.57, -1325.08, -513.82, -461.77, -1072.06, -936.77
1492481496.26,-660.86, -259.47, -775.86, -1249.86, -479.12, -381.18, -1088.82, -950.88
1492481496.72,-635.43, -247.89, -793.00, -1347.17, -528.82, -365.30, -1267.65, -1043.83
1492481497.18,-676.29, -343.94, -751.00, -1301.20, -472.65, -434.71, -1223.24, -1087.06
1492481497.55,-578.00, -330.38, -767.00, -1361.50, -530.59, -432.94, -1270.30, -1104.41
1492481497.91,-586.29, -337.44, -833.86, -1457.02, -534.71, -497.94, -1242.35, -1080.88
1492481498.19,-614.00, -342.81, -779.00, -1277.02, -510.88, -350.88, -1102.06, -1113.83
1492481498.55,-520.29, -301.56, -723.00, -1114.33, -492.06, -257.06, -992.06, -1126.18
1492481499.01,-408.00, -290.55, -679.00, -918.51, -410.59, -226.77, -1043.24, -1046.18
1492481499.37,-375.15, -261.73, -631.00, -920.30, -512.35, -258.83, -1045.30, -1043.24
1492481499.65,-480.00, -263.71, -660.43, -1036.72, -521.18, -320.30, -1070.30, -1064.12
1492481499.92,-531.43, -284.61, -691.86, -1124.18, -555.00, -366.47, -1118.82, -1094.12
1492481500.29,-544.00, -286.03, -725.86, -1171.95, -562.06, -368.24, -1131.77, -1094.71
1492481500.65,-538.29, -276.99, -722.71, -1164.18, -527.35, -334.12, -1154.41, -1066.18
1492481501.11,-524.29, -266.25, -696.71, -1064.48, -495.59, -270.88, -1130.88, -1029.12
1492481501.57,-526.86, -273.60, -706.14, -1162.99, -553.24, -378.83, -1175.88, -1075.88
1492481501.84,-600.58, -302.13, -726.14, -1217.02, -538.24, -383.83, -1171.77, -1069.41
1492481502.21,-560.86, -288.00, -725.57, -1178.51, -526.47, -363.83, -1205.59, -1061.18
1492481502.57,-571.15, -275.57, -686.71, -1128.96, -509.12, -338.24, -1188.82, -1037.94
1492481503.03,-561.72, -265.97, -681.86, -1091.65, -482.94, -310.30, -1182.65, -1028.24
1492481503.49,-557.72, -262.30, -706.43, -1174.33, -504.71, -356.77, -1194.71, -1041.77
1492481503.85,-557.72, -270.21, -720.71, -1174.33, -486.18, -345.30, -1215.00, -1058.83
1492481504.22,-546.86, -232.92, -723.86, -1179.41, -485.88, -321.77, -1386.47, -1242.94
1492481504.59,-516.00, -231.79, -733.57, -1253.44, -449.12, -340.30, -1317.65, -1222.65
1492481504.95,-512.58, -232.92, -737.86, -1252.84, -425.30, -317.06, -1237.65, -1142.06
1492481505.31,-514.86, -299.58, -759.00, -1281.80, -436.77, -375.00, -1231.18, -1118.83
1492481505.68,-536.86, -351.28, -777.29, -1261.50, -481.77, -384.71, -1082.94, -1053.24
1492481505.96,-567.43, -393.09, -821.86, -1250.15, -357.65, -333.24, -1187.06, -1017.06
1492481506.23,-438.86, -288.00, -766.71, -1129.56, -329.41, -261.77, -1136.77, -982.94
1492481506.51,-404.58, -284.33, -706.71, -1019.41, -310.59, -229.41, -1117.65, -970.88
1492481506.78,-394.00, -237.16, -693.00, -1049.26, -315.00, -260.00, -1142.94, -1002.35
1492481507.32,-517.15, -189.70, -712.71, -1282.39, -364.41, -336.77, -1477.94, -1373.24
1492481507.78,-508.86, -175.29, -700.43, -1329.26, -311.18, -330.88, -1413.82, -1291.47
1492481508.15,-408.00, -138.57, -555.86, -974.03, -244.41, -257.65, -1226.47, -1247.06
1492481508.52,-328.29, -137.72, -518.43, -822.09, -218.53, -215.30, -1070.30, -1166.77
1492481508.97,-283.72, -152.41, -487.29, -687.77, -206.47, -205.00, -1016.18, -1095.59
1492481509.43,-278.29, -140.55, -498.14, -842.39, -232.94, -235.88, -1309.71, -1188.24
1492481509.79,-391.72, -165.97, -522.43, -1011.95, -302.65, -301.47, -1332.94, -1220.88
1492481510.16,-487.72, -211.45, -525.57, -1086.27, -305.30, -319.71, -1321.77, -1210.00
1492481510.44,-459.72, -164.27, -523.86, -973.44, -245.88, -257.06, -1276.47, -1162.35
1492481510.8,-390.86, -149.30, -509.29, -881.80, -241.18, -264.12, -1169.12, -1172.65
1492481511.17,-400.00, -174.16, -455.29, -812.24, -241.77, -266.47, -1148.53, -1153.24
1492481511.62,-407.72, -167.10, -444.71, -763.29, -200.30, -265.30, -1167.06, -1137.35
1492481511.99,-399.72, -174.73, -465.00, -892.24, -255.88, -307.06, -1202.35, -1184.41
1492481512.45,-505.15, -224.44, -488.43, -1025.38, -328.24, -382.06, -1217.65, -1181.77
1492481512.81,-527.43, -202.97, -519.86, -1012.54, -265.00, -327.65, -1213.53, -1144.71
1492481513.18,-457.72, -167.66, -505.00, -889.26, -228.53, -263.83, -1210.59, -1110.88
1492481513.63,-395.43, -165.40, -502.43, -825.68, -200.30, -229.71, -1235.00, -1103.83
1492481514.09,-364.86, -143.94, -490.71, -853.44, -250.59, -270.88, -1317.94, -1235.00
1492481514.55,-447.15, -149.58, -505.86, -1043.89, -273.82, -292.65, -1497.06, -1396.77
1492481514.91,-422.58, -131.79, -513.57, -1023.29, -232.94, -265.00, -1347.65, -1342.06
1492481515.28,-369.15, -119.08, -483.29, -897.32, -208.24, -231.77, -1326.47, -1305.00
1492481515.74,-348.58, -115.12, -471.86, -877.32, -180.30, -227.35, -1420.00, -1292.65
1492481516.19,-385.15, -103.26, -479.86, -1054.63, -192.35, -291.47, -1422.94, -1317.65
1492481516.56,-441.15, -147.04, -511.57, -1086.87, -189.12, -265.59, -1358.24, -1336.47
1492481516.93,-368.00, -106.93, -474.14, -894.33, -160.00, -217.65, -1342.35, -1280.00
1492481517.2,-315.72, -96.19, -428.14, -842.39, -150.00, -220.30, -1335.59, -1259.12
1492481517.57,-308.58, -107.49, -429.29, -820.30, -152.35, -202.65, -1645.88, -1407.35
1492481518.11,-300.29, -93.37, -418.71, -1048.66, -178.53, -307.06, -1643.82, -1576.47
1492481518.57,-431.43, -202.69, -441.29, -1045.08, -185.59, -304.71, -1511.77, -1580.00
1492481518.94,-400.00, -153.82, -426.14, -914.63, -152.35, -245.59, -1407.94, -1467.06
1492481519.21,-322.00, -117.10, -388.43, -753.14, -142.35, -225.59, -1348.24, -1414.41
1492481519.58,-292.58, -115.40, -402.43, -750.75, -135.00, -214.12, -1372.65, -1534.12
1492481519.94,-290.86, -119.08, -427.00, -969.56, -221.47, -208.83, -2249.41, -2399.12
1492481520.21,-406.00, -143.09, -557.57, -1518.51, -276.77, -279.71, -3902.94, -2831.18
1492481520.49,-551.72, -121.90, -738.71, -1853.44, -162.94, -417.94, -3996.47, -2757.94
1492481520.76,-692.29, -161.17, -633.57, -1775.23, -100.00, -478.83, -2984.71, -2171.47
1492481521.13,-660.29, -220.49, -462.43, -679.71, -124.12, -406.47, -1030.59, -698.53
1492481521.41,-499.72, -194.78, -465.29, -422.69, -156.47, -227.06, -956.77, -652.65
1492481521.68,-416.29, -164.84, -385.00, -251.35, -231.18, -216.18, -880.30, -580.30
1492481522.05,-452.86, -215.69, -263.57, -171.65, -322.06, -170.00, -776.47, -607.94
1492481522.41,-401.72, -219.36, -213.29, -177.92, -311.47, -194.12, -579.71, -600.30
1492481522.77,-463.43, -291.11, -207.57, -229.56, -306.18, -251.18, -674.12, -612.94
1492481523.14,-587.72, -261.73, -179.00, -254.33, -276.77, -258.24, -656.18, -607.06
1492481523.51,-550.86, -230.09, -210.71, -205.98, -187.65, -202.94, -628.53, -595.00
1492481523.78,-458.58, -189.42, -218.14, -171.35, -167.35, -176.47, -666.18, -596.47
1492481524.06,-417.72, -155.23, -216.43, -146.27, -140.30, -167.94, -635.30, -595.88
1492481524.33,-399.15, -152.69, -234.14, -143.29, -130.59, -156.77, -624.12, -602.06
1492481524.69,-378.86, -146.76, -239.29, -137.32, -136.47, -173.83, -656.18, -592.06
1492481525.06,-408.86, -166.25, -235.86, -193.44, -145.88, -189.41, -647.94, -627.35
1492481525.43,-504.86, -238.85, -222.43, -259.41, -176.47, -255.00, -655.00, -644.12
1492481525.7,-607.43, -302.97, -213.86, -205.08, -296.47, -330.00, -322.65, -305.59
1492481525.98,-543.15, -642.24, -279.86, -85.98, -440.88, -279.71, -10.00, -16.18
1492481526.43,-383.72, -1371.62, -438.14, -66.27, -956.77, -179.41, -25.00, 3.82
1492481526.89,-386.86, -2531.79, -470.71, -42.99, -1377.06, -328.24, -4.41, -31.18
1492481527.25,-185.72, -1732.64, -383.86, -36.42, -1322.35, -407.65, -16.18, -54.71
1492481527.53,-199.43, -1642.52, -429.86, -52.24, -1409.71, -476.77, -45.30, -61.47
1492481527.71,-183.72, -1860.60, -501.00, -87.77, -1527.65, -512.06, -61.47, -62.65
1492481527.8,-154.86, -1685.74, -596.43, -213.44, -1378.53, -502.35, -60.59, -80.00
1492481527.99,-136.00, -1599.87, -617.86, -241.20, -1258.24, -483.24, -60.59, -141.18
1492481528.17,-140.29, -1660.04, -488.14, -222.09, -1138.53, -336.18, -2.65, -2.35
1492481528.45,-169.15, -1786.87, -358.43, -208.96, -965.00, -220.88, -2.94, -1.18
1492481528.81,-162.00, -1781.22, -358.71, -161.80, -967.65, -222.35, -7.65, -1.77
1492481529.17,-149.43, -1620.49, -349.86, -149.56, -921.18, -210.00, -28.82, -8.53
1492481529.54,-231.15, -1596.76, -330.43, -362.09, -862.06, -134.12, -11.18, -15.00
1492481530.0,-384.00, -1002.13, -493.29, -668.66, -667.06, -200.00, -227.35, -494.41
1492481530.36,-376.00, -457.21, -654.71, -1190.15, -741.18, -343.53, -1072.35, -966.18
1492481530.82,-461.43, -321.90, -630.71, -1317.32, -552.06, -410.00, -935.00, -1100.88
1492481531.19,-524.86, -354.10, -756.43, -1413.14, -642.06, -493.83, -1063.24, -1057.94
1492481531.55,-618.29, -315.12, -789.00, -1348.06, -555.30, -480.30, -806.77, -969.41
1492481531.83,-591.43, -276.70, -708.71, -1206.87, -473.53, -416.18, -739.71, -869.41
1492481532.1,-531.15, -293.09, -653.29, -1087.47, -426.18, -356.18, -663.53, -837.35
1492481532.28,-526.00, -297.61, -551.57, -1112.24, -421.77, -370.88, -665.59, -832.06
1492481532.47,-544.86, -267.10, -533.57, -1154.93, -407.94, -414.41, -658.53, -827.65
1492481532.74,-545.15, -287.16, -540.14, -1117.02, -446.77, -386.18, -642.65, -792.94
1492481533.02,-512.86, -253.54, -527.29, -1012.24, -368.24, -319.71, -591.77, -738.24
1492481533.38,-458.29, -263.14, -533.57, -941.80, -322.35, -291.77, -621.18, -716.77
1492481533.75,-446.29, -253.82, -518.14, -897.02, -308.82, -287.06, -624.41, -716.77
1492481534.28,-341.72, -285.74, -557.29, -1077.62, -391.18, -363.83, -637.65, -751.77
1492481534.72,-546.00, -293.94, -560.71, -1120.90, -429.71, -398.24, -630.30, -738.24
1492481535.17,-504.86, -261.73, -556.71, -982.09, -351.77, -309.41, -641.47, -698.53
1492481535.52,-446.29, -246.48, -529.86, -912.24, -325.30, -294.12, -640.88, -692.94
1492481535.78,-411.72, -252.13, -531.00, -875.83, -296.77, -295.30, -638.82, -684.41
1492481536.05,-417.43, -255.80, -513.86, -869.86, -331.47, -310.00, -658.82, -696.47
1492481536.32,-441.72, -266.25, -528.14, -993.74, -378.82, -362.65, -663.82, -723.83
1492481536.58,-499.15, -311.45, -551.00, -1097.62, -435.59, -391.47, -717.35, -761.18
1492481536.94,-524.86, -292.52, -571.57, -1177.62, -486.77, -430.88, -763.82, -753.24
1492481537.3,-501.72, -230.66, -601.57, -1181.20, -419.41, -342.35, -958.24, -894.41
1492481537.65,-456.00, -192.52, -609.00, -1274.33, -377.94, -396.18, -1162.06, -1079.12
1492481538.01,-520.00, -227.27, -671.29, -1448.36, -417.65, -472.06, -1177.35, -1101.77
1492481538.46,-562.58, -257.78, -691.57, -1458.51, -391.77, -406.18, -1204.71, -1101.47
1492481538.81,-521.15, -188.85, -614.14, -1189.86, -307.35, -319.71, -1078.24, -1077.06
1492481539.17,-467.43, -193.94, -583.57, -1070.15, -295.88, -278.24, -1135.00, -1048.24
1492481539.53,-417.15, -162.86, -553.00, -1074.33, -305.30, -306.47, -1214.12, -1093.53
1492481539.89,-469.43, -167.66, -560.14, -1216.12, -328.24, -350.30, -1312.94, -1157.94
1492481540.25,-527.43, -188.00, -599.29, -1355.83, -351.18, -418.83, -1315.00, -1145.88
1492481540.61,-564.29, -197.89, -628.71, -1425.08, -364.41, -483.53, -1356.47, -1214.71
1492481540.97,-563.15, -202.41, -654.43, -1478.21, -355.59, -440.30, -1559.12, -1350.00
1492481541.33,-480.29, -147.32, -577.86, -1371.35, -272.06, -369.41, -1595.88, -1268.83
1492481541.78,-451.15, -163.99, -523.29, -1168.06, -232.65, -300.00, -1396.18, -1257.65
1492481542.14,-375.43, -148.74, -488.14, -1015.53, -212.06, -273.24, -1356.47, -1209.71
1492481542.5,-341.43, -150.15, -453.86, -910.15, -204.12, -268.83, -1344.71, -1175.00
1492481542.86,-323.43, -148.17, -451.57, -910.45, -190.30, -266.77, -1324.41, -1212.65
1492481543.31,-349.72, -171.05, -453.00, -1089.86, -242.65, -319.71, -1104.71, -1052.35
1492481543.76,-478.58, -218.79, -485.86, -1183.59, -255.30, -345.30, -1131.77, -1044.12
1492481544.03,-466.86, -160.60, -498.14, -1158.51, -247.94, -354.71, -1105.00, -1051.18
1492481544.31,-451.15, -165.40, -469.86, -1094.03, -245.59, -308.24, -1125.30, -1045.59
1492481544.58,-403.43, -145.91, -470.71, -1020.30, -215.59, -284.41, -1132.65, -1042.35
1492481545.03,-363.72, -139.70, -448.71, -941.20, -188.24, -256.47, -1167.06, -1091.77
1492481545.48,-351.15, -112.30, -436.43, -1062.39, -234.12, -260.88, -1815.30, -1914.12
1492481545.84,-374.86, -129.25, -454.14, -1279.71, -261.47, -299.12, -2992.06, -2537.94
1492481546.21,-413.72, -141.68, -564.14, -1502.69, -215.00, -333.24, -3824.71, -2783.53
1492481546.57,-434.86, -91.11, -514.14, -1461.50, -95.30, -392.65, -3395.00, -2466.77
1492481547.03,-503.72, -126.99, -383.86, -963.29, -90.88, -341.47, -1798.53, -1315.88
1492481547.48,-355.43, -178.12, -209.00, -467.77, -132.94, -479.41, -1776.18, -1732.94
1492481547.84,-356.00, -265.12, -215.86, -565.68, -152.35, -417.94, -3008.53, -2772.94
1492481548.12,-485.72, -132.35, -290.43, -1106.87, -149.71, -435.59, -4082.06, -3452.94
1492481548.48,-569.43, -154.10, -405.00, -1334.63, -186.18, -454.12, -3620.88, -3296.18
1492481548.84,-541.72, -266.53, -426.71, -1216.12, -126.18, -474.41, -666.47, -359.41
1492481549.2,-368.00, -360.32, -300.43, -332.84, -232.94, -317.94, -330.30, -283.24
1492481549.57,-366.86, -248.74, -217.86, -145.38, -297.35, -334.71, -136.77, -180.88
1492481549.84,-573.43, -152.41, -237.57, -211.95, -318.24, -376.47, -151.47, -136.18
1492481550.29,-524.58, -263.14, -227.57, -200.00, -440.59, -248.83, -129.12, -156.18
1492481550.75,-432.00, -216.82, -174.43, -127.17, -334.41, -201.77, -177.35, -129.41
1492481551.21,-345.43, -207.78, -254.43, -169.26, -213.24, -199.41, -149.12, -181.77
1492481551.75,-437.72, -287.16, -238.14, -255.83, -288.53, -318.24, -183.82, -182.06
1492481552.21,-604.00, -318.79, -260.71, -289.86, -232.06, -293.53, -167.94, -174.12
1492481552.57,-518.58, -230.94, -269.57, -242.69, -210.88, -260.59, -197.06, -165.00
1492481552.94,-424.29, -271.90, -253.29, -145.08, -265.88, -209.12, -180.88, -170.30
1492481553.21,-379.43, -333.20, -242.71, -89.26, -440.59, -337.06, -35.00, -36.77
1492481553.57,-411.72, -644.50, -258.43, -65.08, -822.35, -342.65, -9.71, -8.53
1492481554.03,-422.29, -1993.37, -391.57, -45.68, -1468.24, -459.41, -27.06, -2.65
1492481554.4,-188.00, -2771.05, -424.14, -36.72, -1381.77, -440.88, -47.35, -59.41
1492481554.76,-122.29, -2077.27, -356.43, -39.11, -1322.94, -464.12, -17.94, -42.35
1492481555.13,-95.72, -2138.85, -495.00, -187.47, -1106.18, -545.88, -56.47, -107.35
1492481555.58,-183.15, -1904.10, -386.43, -219.11, -1217.94, -351.47, -30.00, 3.53
1492481556.13,-226.29, -2358.62, -368.71, -284.78, -1228.24, -221.47, -22.35, -14.41
1492481556.58,-308.29, -1351.84, -570.71, -697.62, -813.82, -275.00, -685.88, -681.18
1492481556.86,-367.72, -997.89, -706.71, -1008.06, -499.41, -318.53, -917.94, -784.71
1492481557.22,-354.58, -819.08, -692.43, -846.57, -483.24, -373.24, -514.12, -445.00
1492481557.59,-444.00, -621.62, -691.29, -894.33, -493.24, -362.35, -561.77, -520.88
1492481557.95,52.57, -16918.79, -618.71, -815.23, -625.00, -309.71, -467.65, -444.71
1492481558.23,-280.86, -638.29, -554.71, -536.72, 1530.88, -305.88, -440.88, -415.30
1492481558.5,-271.72, -630.66, -549.00, -643.89, -462.94, -298.53, -536.47, -667.06
1492481558.87,-344.00, -587.16, -678.71, -915.23, -350.59, -339.71, -742.94, -861.77
1492481559.23,-384.86, -615.69, -787.57, -1195.53, -261.18, -438.83, -909.71, -1055.59
1492481559.6,-528.00, -580.94, -779.86, -1178.51, -269.71, -447.35, -890.88, -837.94
1492481559.96,-457.72, -530.09, -708.71, -948.06, -230.30, -339.71, -972.06, -847.94
1492481560.33,-434.29, -473.31, -649.86, -759.41, -315.30, -289.41, -771.77, -750.00
1492481560.6,-315.15, -469.64, -621.86, -700.00, -230.88, -274.71, -827.65, -838.24
1492481560.78,-290.86, -410.60, -615.29, -668.66, -228.24, -283.24, -774.41, -769.12
1492481561.06,-279.15, -428.68, -543.57, -630.45, -264.12, -215.88, -718.82, -686.18
1492481561.33,-280.58, -421.34, -292.71, -577.92, -411.47, -346.77, -614.41, -621.47
1492481561.61,-466.00, -279.25, -201.86, -527.17, -370.30, -617.94, -525.30, -544.71
1492481561.88,-583.43, -212.86, -327.29, -515.53, -288.24, -631.18, -355.00, -403.53
1492481562.33,-570.00, -338.85, -349.57, -422.69, -446.47, -318.24, -205.30, -253.53
1492481562.7,-361.15, -429.53, -499.57, -142.09, -552.35, -189.12, -22.65, 4.70
1492481563.07,-235.43, -916.25, -405.00, -56.72, -835.88, -179.71, -21.18, 2.94
1492481563.43,-206.00, -1348.17, -400.14, -68.66, -807.06, -391.18, -21.77, -37.65
1492481563.7,-187.15, -1424.16, -511.29, -134.33, -627.65, -362.65, -322.65, -761.18
1492481564.07,-135.43, -938.85, -605.86, -365.08, -630.00, -458.53, -631.18, -279.12
1492481564.44,-280.86, -1045.91, -568.43, -94.03, -950.00, -492.06, -458.24, -418.83
1492481564.8,-157.43, -1139.70, -539.86, -573.14, -848.82, -345.59, -1458.82, -1248.24
1492481564.98,-472.00, -783.20, -557.57, -987.17, -698.53, -359.71, -1726.47, -1357.35
1492481565.16,-613.15, -842.81, -625.29, -1077.32, -740.00, -380.59, -1124.12, -961.18
1492481565.35,-802.00, -925.57, -567.57, -942.09, -690.30, -387.65, -568.82, -560.30
1492481565.53,-868.29, -669.36, -569.57, -1115.53, -525.00, -338.53, -654.41, -524.41
1492481565.81,-696.86, -544.50, -696.14, -1174.63, -395.88, -412.94, -543.24, -482.94
1492481566.08,-658.58, -495.63, -708.71, -1098.81, -351.47, -283.24, -403.53, -512.06
1492481566.54,-618.29, -445.63, -578.43, -739.71, -329.12, -292.06, -355.88, -443.83
1492481566.99,-639.72, -328.12, -531.86, -989.86, -314.12, -413.24, -347.94, -408.83
1492481567.45,-778.00, -376.99, -595.29, -1162.09, -283.82, -411.47, -753.82, -797.06
1492481567.73,-628.86, -227.27, -530.14, -1377.62, -231.77, -463.24, -741.77, -987.65
1492481568.0,-635.72, -198.45, -527.57, -1437.02, -186.77, -390.30, -762.06, -980.59
1492481568.27,-549.15, -173.03, -484.43, -1317.92, -165.30, -299.71, -724.71, -979.41
1492481568.64,-463.15, -158.62, -447.86, -1188.36, -231.77, -268.24, -994.71, -1321.47
1492481569.09,-452.86, -164.27, -523.00, -1380.30, -235.59, -387.35, -1508.53, -1242.94
1492481569.37,-638.00, -188.29, -553.00, -1461.80, -224.71, -455.88, -1408.24, -1109.71
1492481569.64,-630.00, -254.67, -517.29, -1341.80, -215.00, -342.06, -1288.82, -999.12
1492481569.92,-604.00, -267.95, -429.86, -1034.93, -277.65, -270.30, -1213.53, -947.06
1492481570.19,-542.00, -227.27, -440.14, -1020.60, -189.41, -227.94, -1292.35, -1030.00
1492481570.56,-497.72, -278.12, -497.86, -1136.42, -244.71, -269.41, -1256.47, -1000.88
1492481571.01,-586.86, -317.95, -451.00, -1135.23, -290.88, -350.30, -1210.30, -1010.88
1492481571.47,-640.58, -297.89, -427.57, -1158.21, -269.12, -303.83, -1212.65, -1048.24
1492481571.75,-536.29, -258.06, -451.29, -1056.42, -214.41, -229.41, -1178.53, -1019.12
1492481572.02,-485.72, -232.64, -427.00, -952.24, -198.53, -200.59, -1151.18, -991.47
1492481572.29,-462.58, -221.90, -418.14, -909.56, -177.65, -180.88, -1164.12, -987.06
1492481572.75,-440.86, -222.18, -431.00, -948.66, -188.24, -199.41, -1189.12, -991.18
1492481573.21,-544.86, -282.92, -453.00, -1088.66, -237.35, -271.18, -1197.65, -995.00
1492481573.66,-571.15, -296.76, -493.29, -1192.84, -210.30, -301.77, -1301.77, -1053.24
1492481573.94,-569.15, -269.08, -489.00, -1147.47, -220.59, -261.77, -1246.77, -1033.53
1492481574.21,-546.00, -228.68, -462.14, -1066.57, -202.35, -230.30, -1260.59, -1025.30
1492481574.58,-506.58, -205.52, -457.86, -1025.38, -180.88, -201.77, -1255.00, -1048.53
1492481575.03,-458.86, -216.53, -459.00, -1062.69, -184.41, -224.41, -1311.47, -1101.77
1492481575.4,-516.86, -239.13, -484.43, -1203.89, -191.18, -269.41, -1349.71, -1149.41
1492481575.76,-519.15, -236.31, -511.29, -1265.98, -236.18, -276.47, -1659.41, -1343.53
1492481576.04,-510.29, -219.36, -528.43, -1396.42, -250.30, -277.65, -2144.41, -1664.41
1492481576.31,-515.15, -128.12, -554.14, -1521.50, -232.65, -305.00, -2728.53, -2056.77
1492481576.59,-508.29, -106.36, -542.14, -1545.38, -191.77, -306.18, -3312.94, -2397.35
1492481576.95,-488.29, -83.48, -488.14, -1525.68, -103.24, -343.53, -3828.24, -2642.65
1492481577.41,-561.43, -83.48, -340.14, -839.11, -102.65, -251.77, -1544.12, -1019.12
1492481577.96,-325.15, -162.86, -235.29, -254.33, -236.18, -127.65, -740.59, -887.94
1492481578.32,-180.00, -244.50, -182.43, -168.06, -212.65, -263.24, -1105.30, -1498.24
1492481578.69,-278.86, -366.25, -178.43, -256.72, -189.71, -381.47, -2232.06, -2789.41
1492481579.06,-336.00, -230.09, -309.00, -1096.72, -111.18, -443.53, -3883.24, -3441.18
1492481579.51,-402.00, -240.55, -328.71, -634.63, -158.82, -406.47, -427.94, -391.18
1492481579.88,-398.00, -252.69, -212.71, -93.44, -284.12, -339.12, -192.65, -257.35
1492481580.24,-414.58, -260.04, -261.86, -131.65, -313.53, -393.24, -241.77, -169.41
1492481580.52,-352.29, -378.40, -286.43, -141.80, -308.53, -444.71, -191.77, -116.47
1492481580.79,-366.29, -286.03, -268.71, -113.44, -360.30, -424.71, -115.88, -64.71
1492481581.25,-451.43, -202.13, -249.29, -87.77, -378.24, -376.18, -40.00, -41.47
1492481581.7,-411.43, -204.67, -224.71, -83.89, -310.88, -390.00, -58.24, -62.35
1492481582.16,-403.43, -304.10, -220.71, -77.92, -298.53, -369.12, -111.77, -113.24
1492481582.53,-396.86, -206.65, -252.43, -135.23, -203.24, -404.12, -110.30, -116.77
1492481582.8,-426.58, -328.40, -241.00, -212.54, -285.30, -537.06, -41.77, -43.83
1492481583.17,-558.58, -785.74, -254.14, -103.59, -520.30, -463.83, -10.00, -17.94
1492481583.62,-408.29, -1656.65, -436.71, -37.62, -1344.71, -395.30, -22.94, 1.76
1492481583.99,-294.58, -2295.35, -479.00, -26.87, -1623.53, -395.00, -16.47, -7.65
1492481584.35,-117.15, -2677.83, -436.43, -22.09, -1579.71, -495.88, -23.53, -33.24
1492481584.81,-140.29, -2443.09, -372.14, -25.68, -1387.35, -337.35, -35.59, -47.65
1492481585.18,-105.15, -2612.01, -319.29, -27.47, -1461.77, -317.65, -25.30, -48.83
1492481585.64,-111.43, -2121.62, -397.86, -58.81, -1302.06, -435.30, -31.18, -70.59
1492481586.09,-109.43, -2274.44, -633.57, -302.39, -1314.71, -618.83, -89.12, -53.53
1492481586.55,-169.72, -2145.06, -420.14, -257.02, -1474.12, -260.88, -214.12, -145.59
1492481586.92,-345.43, -1697.04, -391.86, -511.05, -1027.35, -330.88, -887.65, -748.53
1492481587.19,-495.72, -1108.06, -523.57, -870.45, -760.88, -351.77, -673.53, -712.06
1492481587.56,-530.58, -883.77, -599.00, -874.93, -600.30, -360.00, -497.65, -437.65
1492481587.83,-528.86, -597.04, -649.86, -984.48, -473.24, -327.35, -491.77, -361.47
1492481588.28,-519.43, -556.08, -589.29, -1010.45, -440.00, -400.88, -538.82, -335.59
1492481588.74,-741.15, -559.19, -689.57, -1043.29, -395.88, -493.24, -298.53, -188.53
1492481589.11,-733.15, -597.32, -817.00, -1037.62, -354.41, -337.06, -453.24, -500.00
1492481589.48,-627.72, -486.59, -700.14, -981.80, -265.30, -305.30, -649.71, -615.30
1492481589.93,-630.86, -499.87, -725.29, -1213.74, -241.18, -380.00, -706.77, -692.06
1492481590.39,-607.72, -483.20, -688.43, -968.06, -258.82, -296.18, -470.59, -429.12
1492481590.75,-407.72, -296.19, -602.14, -637.92, -235.30, -207.65, -286.18, -242.35
1492481591.12,-290.58, -300.43, -503.86, -538.21, -233.82, -197.65, -464.12, -437.65
1492481591.39,-356.58, -384.90, -520.14, -765.38, -235.59, -256.77, -619.71, -593.24
1492481591.85,-468.58, -457.21, -536.71, -944.48, -256.47, -304.41, -656.77, -650.00
1492481592.21,-549.72, -524.16, -545.86, -970.45, -276.18, -327.65, -605.00, -570.00
1492481592.58,-537.72, -494.78, -535.00, -924.78, -207.06, -262.35, -782.35, -742.94
1492481592.95,-449.72, -342.81, -544.43, -861.20, -174.71, -236.77, -724.12, -760.88
1492481593.41,-427.43, -402.13, -548.71, -929.56, -162.94, -266.18, -953.24, -940.59
1492481593.77,-417.15, -334.61, -539.57, -1199.41, -119.41, -290.00, -1731.18, -1567.35
1492481594.23,-441.43, -202.69, -475.29, -1340.60, -111.18, -282.06, -2548.24, -1805.88
1492481594.68,-468.86, -168.23, -431.86, -1288.66, -78.24, -336.47, -2519.71, -3028.83
1492481595.14,-447.15, -89.42, -378.14, -1105.08, -101.47, -361.18, -1286.47, -1069.71
1492481595.6,-363.15, -66.82, -281.29, -651.05, -105.00, -270.88, -1131.18, -758.53
1492481595.87,-337.72, -59.47, -287.00, -602.69, -95.00, -253.83, -941.77, -843.24
1492481596.14,-260.00, -68.51, -290.14, -635.23, -80.30, -312.94, -924.71, -1154.71
1492481596.42,-408.58, -141.11, -250.71, -649.86, -91.47, -417.65, -1416.18, -1162.94
1492481596.69,-425.15, -181.22, -259.57, -735.53, -107.06, -464.41, -1672.35, -1196.47
1492481597.06,-477.15, -229.81, -264.71, -836.42, -104.12, -570.00, -1620.59, -1167.35
1492481597.34,-507.15, -316.82, -300.43, -802.99, -138.53, -555.30, -1580.30, -1087.94
1492481597.61,-388.00, -306.93, -319.86, -714.33, -146.18, -534.41, -1599.71, -1191.18
1492481597.79,-324.58, -370.21, -304.14, -614.93, -147.65, -512.94, -1474.12, -1154.41
1492481598.06,-289.15, -421.62, -311.29, -551.95, -210.00, -531.77, -1644.71, -1424.41
1492481598.34,-286.00, -463.71, -284.71, -600.30, -343.53, -402.94, -811.47, -1172.06
1492481598.7,-281.72, -531.22, -247.86, -799.71, -356.77, -455.30, -132.35, -794.41
1492481599.16,-469.72, -509.75, -223.86, -236.12, -453.53, -425.30, -632.65, -607.06
1492481599.53,-180.00, -498.17, -274.14, -111.05, -498.24, -393.24, -732.65, -590.30
1492481599.8,-124.29, -282.35, -305.00, -146.57, -472.65, -355.00, -640.59, -505.88
1492481600.07,-127.72, -500.71, -266.14, -103.59, -526.47, -307.35, -757.35, -651.77
1492481600.44,-90.29, -235.74, -317.86, -111.05, -501.77, -304.41, -580.30, -525.00
1492481600.81,-88.86, -419.36, -271.86, -118.21, -525.88, -254.41, -620.00, -694.12
1492481601.08,-111.15, -256.93, -269.57, -152.24, -365.00, -275.88, -485.30, -471.77
1492481601.36,-171.15, -426.70, -225.29, -240.60, -261.47, -204.41, -631.47, -513.24
1492481601.63,-196.86, -434.05, -215.86, -223.89, -330.88, -202.65, -403.53, -572.06
1492481602.0,-145.43, -975.86, -281.00, -138.51, -510.30, -288.53, -405.59, -355.00
1492481602.27,-137.72, -375.57, -334.14, -76.12, -427.65, -223.24, -430.30, -477.65
1492481602.64,-94.29, -788.29, -308.71, -125.08, -677.65, -194.12, -476.77, -445.00
1492481603.0,-166.86, -284.90, -379.29, -152.84, -470.00, -203.83, -608.24, -629.12
1492481603.37,-282.86, -426.14, -349.57, -190.15, -407.35, -280.59, -757.94, -564.12
1492481603.73,-366.29, -380.38, -348.43, -214.93, -385.88, -257.06, -756.18, -539.71
1492481604.01,-267.43, -191.39, -334.43, -205.38, -409.41, -220.00, -763.53, -755.30
1492481604.38,-186.29, -211.45, -333.00, -191.05, -424.12, -149.12, -598.24, -608.24
1492481604.74,-128.29, -129.53, -350.14, -297.02, -256.47, -124.71, -477.35, -701.47
1492481605.02,-122.86, -97.04, -342.14, -293.74, -207.35, -135.59, -402.35, -658.83
1492481605.38,-134.00, -126.70, -349.29, -284.78, -278.24, -129.71, -529.12, -654.41
1492481605.75,-181.72, -150.43, -347.57, -344.18, -330.30, -179.12, -561.47, -636.77
1492481606.11,-300.29, -252.41, -351.29, -329.86, -234.71, -229.12, -691.47, -590.00
1492481606.48,-312.29, -282.64, -344.14, -302.39, -257.65, -237.06, -736.77, -661.47
1492481606.84,-282.86, -296.19, -333.57, -220.30, -308.24, -220.59, -745.88, -601.18
1492481607.3,-174.58, -488.00, -356.14, -99.41, -288.53, -293.24, -465.88, -462.94
1492481607.76,-189.72, -395.63, -420.71, -124.78, -412.65, -487.06, -250.30, -277.06
1492481608.04,-282.86, -732.35, -633.57, -382.99, -652.94, -467.94, -175.88, -235.59
1492481608.31,-197.72, -621.90, -489.57, -273.14, -703.53, -302.35, -358.82, -338.53
1492481608.49,-251.72, -210.32, -397.29, -183.59, -372.65, -380.88, -441.77, -419.12
1492481608.68,-197.43, -257.78, -406.43, -175.23, -460.30, -428.83, -541.18, -480.88
1492481608.95,-187.72, -209.75, -447.86, -193.14, -371.77, -405.00, -590.00, -498.83
1492481609.22,-201.43, -142.52, -409.86, -141.20, -243.53, -379.12, -290.59, -413.53
1492481609.5,-207.43, -143.09, -340.71, -173.74, -220.59, -293.24, -282.35, -362.65
1492481609.86,-295.43, -145.63, -336.14, -248.36, -291.77, -340.00, -266.18, -421.18
1492481610.23,-260.00, -456.65, -338.43, -233.14, -361.77, -363.53, -82.65, -130.88
1492481610.69,-408.00, -175.01, -622.71, -684.18, -123.53, -770.88, -123.24, -214.12
1492481611.15,-553.72, -321.34, -730.71, -1066.87, -185.88, -801.18, -177.94, -272.06
1492481611.6,-585.15, -445.06, -804.71, -1053.74, -647.06, -774.71, -346.47, -405.00
1492481611.97,-453.43, -293.09, -483.57, -492.24, -279.41, -276.77, -205.59, -321.77
1492481612.33,-284.86, -430.38, -249.00, -258.21, -254.12, -320.00, -361.47, -365.30
1492481612.61,-410.29, -209.19, -271.00, -277.62, -330.88, -436.47, -463.24, -494.12
1492481612.88,-346.86, -235.46, -286.14, -402.69, -519.71, -454.12, -656.47, -597.06
1492481613.25,-237.43, -262.58, -246.14, -202.09, -535.59, -338.53, -394.41, -285.00
1492481613.52,-278.00, -223.60, -193.86, -84.78, -516.18, -266.18, -414.41, -344.71
1492481613.8,-237.15, -280.09, -224.43, -152.54, -629.12, -326.77, -686.47, -532.65
1492481614.16,-172.58, -299.02, -260.14, -127.77, -660.30, -288.83, -178.24, -264.71
1492481614.53,-226.58, -377.83, -246.43, -66.27, -385.88, -316.18, -345.59, -357.06
1492481614.89,-224.29, -370.77, -241.86, -140.90, -442.06, -288.83, -508.53, -553.83
1492481615.44,-249.15, -663.71, -305.29, -134.93, -466.77, -290.00, -198.82, -385.59
1492481615.9,-273.15, -341.96, -217.00, -220.00, -563.24, -266.18, -431.18, -657.65
1492481616.27,-333.15, -501.56, -221.00, -242.09, -483.82, -193.24, -545.59, -800.88
1492481616.54,-299.15, -458.06, -206.71, -262.69, -395.59, -154.12, -777.94, -1070.30
1492481616.82,-267.72, -299.87, -241.00, -387.77, -244.71, -102.94, -970.88, -1350.30
1492481617.09,-253.43, -126.42, -236.43, -438.51, -165.30, -94.71, -987.06, -1158.83
1492481617.54,-238.00, -112.58, -243.29, -404.18, -173.24, -66.77, -920.30, -1134.41
1492481617.91,-195.15, -211.45, -305.57, -374.03, -107.06, -148.53, -532.94, -809.12
1492481618.28,-325.72, -442.24, -247.00, -217.02, -266.47, -213.83, -23.82, -38.53
1492481618.64,-426.00, -914.27, -315.57, -87.17, -793.82, -141.47, -19.12, 9.41
1492481619.01,-420.29, -1924.73, -450.71, -71.95, -1374.41, -156.47, -20.59, -0.59
1492481619.46,-508.86, -1415.97, -491.86, -192.54, -1370.59, -298.83, -713.53, -1018.53
1492481619.83,-531.15, -479.25, -546.14, -604.78, -940.30, -358.24, -986.18, -1054.12
1492481620.1,-522.58, -688.00, -524.43, -612.84, -1034.41, -383.83, -1041.47, -991.18
1492481620.38,-479.43, -491.96, -496.71, -491.05, -810.88, -374.41, -924.41, -867.65
1492481620.75,-416.86, -413.99, -447.86, -394.03, -753.53, -260.00, -874.12, -853.24
1492481621.11,-395.43, -376.70, -429.86, -377.02, -764.12, -241.18, -853.24, -835.88
1492481621.48,-424.29, -402.13, -435.86, -432.24, -784.12, -271.18, -831.18, -792.35
1492481621.93,-473.72, -423.88, -481.86, -599.11, -750.00, -315.30, -1061.18, -1157.65
1492481622.3,-466.00, -367.10, -522.14, -743.89, -691.77, -306.77, -1363.82, -1500.30
1492481622.76,-412.00, -313.43, -552.43, -901.20, -579.71, -298.24, -1913.24, -1814.71
1492481623.21,-359.43, -248.17, -548.71, -921.20, -450.30, -266.77, -2290.30, -2116.18
1492481623.58,-302.86, -234.05, -580.71, -971.05, -395.30, -276.47, -2705.30, -2607.65
1492481624.13,-388.00, -166.82, -661.00, -1277.62, -299.71, -279.41, -2795.59, -3435.00
1492481624.49,-365.15, -134.90, -507.29, -864.78, -188.24, -264.12, -1792.06, -2403.24
1492481624.86,-321.15, -121.62, -293.57, -269.56, -134.41, -218.53, -1063.53, -1694.71
1492481625.13,-216.29, -217.10, -425.00, -650.45, -114.41, -226.77, -428.82, -860.88
1492481625.41,-316.29, -181.51, -428.43, -607.77, -102.06, -165.88, -0.59, -205.00
1492481625.68,-451.43, -499.02, -575.57, -675.23, -285.59, -181.18, -10.00, -33.24
1492481626.23,-615.43, -946.19, -748.71, -771.95, -866.47, -128.53, -537.06, -1037.06
1492481626.69,-456.86, -338.29, -851.00, -1329.26, -660.88, -235.59, -1305.88, -1053.24
1492481627.05,-609.15, -387.16, -845.29, -1216.72, -475.59, -309.71, -1832.65, -1372.65
1492481627.42,-749.72, -249.58, -821.00, -1149.86, -435.00, -399.41, -1341.18, -1312.65
1492481627.79,-741.72, -264.27, -791.29, -1086.57, -368.82, -324.71, -1669.71, -1316.18
1492481628.24,-619.43, -158.62, -729.00, -1035.83, -267.35, -256.18, -2177.35, -1802.94
1492481628.7,-421.15, -116.53, -573.57, -1228.06, -191.47, -305.59, -2843.24, -2262.94
1492481629.06,-454.86, -86.87, -460.43, -1353.14, -143.53, -417.35, -3061.18, -2279.41
1492481629.43,-507.43, -68.51, -385.86, -1318.21, -110.59, -420.88, -2882.94, -2137.35
1492481629.8,-494.58, -65.97, -377.57, -1171.65, -97.06, -392.35, -1760.59, -1204.41
1492481630.25,-349.72, -128.96, -233.29, -221.50, -127.65, -213.24, -757.94, -1010.30
1492481630.62,-299.15, -202.13, -160.14, -181.80, -195.30, -246.47, -815.00, -1036.77
1492481630.9,-433.72, -241.39, -166.43, -246.27, -221.77, -285.59, -832.65, -1063.83
1492481631.17,-495.43, -259.75, -178.14, -277.62, -227.65, -302.06, -805.88, -1078.24
1492481631.62,-507.15, -184.61, -163.57, -235.23, -221.77, -252.06, -803.82, -980.59
1492481631.99,-406.29, -134.05, -158.43, -168.96, -208.24, -248.53, -646.77, -480.00
1492481632.45,-346.29, -381.79, -198.43, -55.53, -745.59, -264.12, -28.53, 14.12
1492481632.91,-450.00, -1252.13, -358.71, -75.23, -1188.24, -308.83, -22.94, 6.17
1492481633.36,-538.29, -2106.65, -481.86, -113.14, -1279.12, -267.35, -25.59, -9.41
1492481633.73,-373.43, -1515.40, -535.29, -286.57, -1378.82, -276.47, -418.24, -561.77
1492481634.09,-384.58, -788.85, -618.43, -580.60, -785.59, -402.94, -980.59, -819.12
1492481634.46,-354.86, -662.30, -580.71, -459.71, -668.53, -278.53, -764.71, -807.94
1492481634.83,-263.43, -615.97, -538.71, -406.87, -452.65, -270.00, -570.00, -708.24
1492481635.19,-178.86, -680.09, -553.00, -491.65, -530.88, -260.00, -1083.53, -1101.47
1492481635.47,-312.58, -571.62, -577.86, -600.00, -595.00, -324.41, -922.35, -911.77
1492481635.74,-356.86, -714.84, -590.43, -665.38, -662.65, -338.24, -879.12, -1018.24
1492481635.92,-357.72, -672.47, -561.57, -539.71, -532.35, -381.47, -742.06, -972.65
1492481636.1,-403.43, -603.82, -424.71, -300.60, -566.47, -389.71, -756.77, -968.53
1492481636.38,-462.86, -638.00, -382.43, -159.41, -477.35, -366.18, -673.24, -829.12
1492481636.84,-424.86, -721.90, -376.14, -126.57, -446.47, -392.06, -617.94, -700.00
1492481637.29,-361.43, -734.61, -350.43, -111.05, -565.59, -344.12, -582.06, -757.06
1492481637.66,-345.15, -694.50, -356.71, -275.53, -644.12, -325.30, -782.65, -1010.59
1492481637.93,-300.86, -559.47, -379.57, -251.95, -497.35, -292.94, -694.41, -930.30
1492481638.12,-217.72, -721.34, -357.29, -219.41, -590.88, -282.94, -585.00, -777.35
1492481638.39,-246.29, -848.74, -354.14, -261.50, -781.18, -259.12, -545.30, -480.30
1492481638.76,-340.86, -937.72, -404.14, -250.45, -991.77, -262.65, -289.71, -307.06
1492481639.12,-308.00, -938.57, -384.71, -208.96, -683.53, -233.53, -307.65, -352.94
1492481639.49,-220.58, -801.28, -422.71, -224.48, -678.82, -194.41, -316.77, -339.41
1492481639.76,-221.72, -818.51, -445.57, -334.03, -612.65, -180.59, -601.77, -813.24
1492481640.04,-248.00, -704.67, -487.86, -381.50, -498.53, -190.88, -678.82, -663.53
1492481640.31,-222.00, -711.17, -423.00, -216.72, -590.88, -155.30, -429.41, -630.30
1492481640.67,-206.00, -750.15, -394.14, -206.87, -386.77, -144.41, -410.30, -377.65
1492481641.04,-223.43, -624.73, -440.14, -157.92, -648.53, -95.30, -292.35, -220.59
1492481641.41,-114.58, -631.51, -380.14, -162.99, -656.47, -79.12, -356.18, -503.24
1492481641.77,-127.43, -416.25, -361.29, -248.06, -297.94, -119.71, -350.88, -523.53
1492481642.23,-100.00, -286.03, -384.71, -134.63, -399.12, -149.12, -327.06, -462.06
1492481642.51,-62.29, -293.94, -287.86, -48.36, -418.24, -194.71, -450.88, -655.00
1492481642.87,-128.86, -529.81, -267.29, -46.27, -505.59, -251.47, -773.82, -585.30
1492481643.23,-211.15, -690.26, -326.71, -115.53, -1066.77, -250.00, -315.30, -118.24
1492481643.69,-459.15, -922.18, -352.71, -253.44, -905.59, -218.53, -1242.06, -1418.53
1492481644.06,-383.43, -453.82, -483.29, -634.63, -670.00, -299.71, -1171.77, -1105.59
1492481644.33,-346.00, -600.43, -445.86, -554.63, -850.00, -238.53, -1319.12, -1201.18
1492481644.61,-357.72, -391.96, -435.86, -525.68, -647.35, -257.35, -1180.59, -1541.77
1492481644.97,-270.29, -272.18, -454.71, -704.18, -312.94, -234.12, -1812.94, -2678.83
1492481645.43,-229.15, -189.98, -448.71, -637.02, -271.18, -199.71, -1926.77, -2653.83
1492481645.79,-208.58, -151.00, -370.71, -555.23, -86.47, -159.12, -173.82, -404.12
1492481646.16,-231.15, -373.88, -427.86, -261.80, -368.53, -73.53, -12.35, -5.59
1492481646.44,-359.43, -993.37, -518.43, -393.44, -589.71, -70.00, -20.00, -63.53
1492481646.62,-352.00, -609.75, -595.57, -617.32, -574.12, -104.41, -102.06, -383.83
1492481646.8,-341.72, -415.12, -677.57, -923.59, -704.12, -152.35, -1028.82, -1213.53
1492481647.16,-337.43, -302.69, -754.43, -1149.56, -580.00, -226.47, -1451.47, -1347.94
1492481647.53,-445.43, -287.72, -819.86, -1108.96, -455.00, -306.18, -1375.59, -1367.06
1492481647.9,-392.00, -197.89, -727.57, -1012.54, -369.12, -252.94, -1433.82, -1396.47
1492481648.26,-296.29, -179.81, -609.00, -912.54, -297.65, -210.59, -1735.88, -1885.59
1492481648.54,-284.00, -126.14, -528.71, -937.02, -236.47, -262.35, -1990.30, -2205.59
1492481648.91,-321.43, -119.08, -512.43, -1081.80, -231.47, -316.47, -2826.18, -2426.18
1492481649.27,-415.43, -103.26, -524.43, -1422.39, -172.06, -412.94, -3409.41, -2607.35
1492481649.63,-490.86, -76.99, -459.00, -1467.47, -108.82, -446.47, -3480.59, -2631.18
1492481650.0,-504.29, -55.23, -339.86, -1201.80, -61.47, -408.24, -1658.53, -1683.53
1492481650.46,-375.15, -226.70, -144.14, -310.45, -142.94, -216.18, -993.24, -1320.59
1492481650.82,-353.72, -168.79, -143.29, -314.03, -218.24, -160.59, -1077.65, -1433.83
1492481651.1,-270.86, -303.26, -166.71, -300.30, -206.18, -128.83, -968.24, -1405.88
1492481651.46,-266.58, -289.42, -187.57, -430.75, -190.88, -169.41, -2090.59, -2696.77
1492481651.83,-468.29, -257.78, -209.29, -875.23, -271.77, -270.30, -2890.00, -2742.35
1492481652.19,-574.86, -305.52, -193.57, -385.68, -341.18, -189.71, -604.71, -554.41
1492481652.56,-325.72, -193.37, -167.86, -150.15, -413.24, -89.71, -366.77, -290.88
1492481652.83,-190.58, -290.55, -191.29, -38.81, -492.06, -68.24, -318.24, -265.59
1492481653.11,-104.58, -351.56, -198.43, -35.53, -502.65, -97.35, -436.18, -359.12
1492481653.48,-108.29, -460.32, -243.57, -28.66, -368.82, -125.88, -277.35, -228.53
1492481653.93,-85.72, -1238.00, -345.00, -31.95, -607.65, -201.47, -463.53, -409.12
1492481654.39,-105.43, -907.49, -354.14, -34.63, -828.82, -154.12, -647.35, -529.71
1492481654.85,-104.29, -1222.18, -368.71, -37.62, -820.88, -185.88, -818.82, -603.83
1492481655.12,-123.15, -836.59, -355.00, -35.53, -1001.77, -99.12, -718.82, -594.71
1492481655.49,-81.15, -769.92, -365.57, -34.33, -945.30, -79.12, -748.24, -610.00
1492481655.94,-75.15, -567.10, -370.14, -57.02, -921.77, -47.94, -650.88, -618.24
1492481656.31,-45.43, -463.43, -345.57, -85.08, -763.53, -63.24, -600.88, -681.18
1492481656.58,-48.86, -576.99, -405.57, -134.33, -418.53, -190.59, -595.30, -605.00
1492481656.86,-72.29, -930.09, -482.14, -171.95, -350.59, -213.83, -452.65, -609.41
1492481657.13,-108.86, -713.43, -524.71, -250.15, -335.30, -221.47, -477.35, -623.24
1492481657.41,-145.15, -450.71, -532.43, -287.77, -371.18, -220.30, -423.82, -572.94
1492481657.77,-182.86, -230.38, -490.43, -290.15, -375.30, -257.94, -640.30, -583.53
1492481658.13,-202.58, -321.62, -461.00, -161.80, -467.65, -187.94, -402.65, -560.00
1492481658.59,-177.43, -326.70, -448.71, -90.75, -574.41, -191.47, -713.82, -768.24
1492481659.14,-274.00, -250.71, -508.43, -200.60, -593.82, -197.06, -622.06, -595.00
1492481659.51,-208.86, -183.77, -389.57, -340.90, -356.18, -125.00, -875.00, -1213.53
1492481659.97,-447.15, -162.86, -408.14, -726.57, -343.24, -213.24, -1029.12, -779.71
1492481660.24,-614.29, -269.92, -445.86, -574.93, -414.71, -268.83, -683.24, -852.06
1492481660.51,-436.58, -223.03, -277.29, -387.17, -214.71, -178.24, -470.30, -688.83
1492481660.88,-290.58, -169.92, -154.43, -491.05, -183.82, -90.00, -803.53, -777.35
1492481661.24,-393.72, -155.23, -159.57, -548.06, -218.24, -475.88, -504.41, -762.06
1492481661.61,-568.58, -166.25, -75.57, -311.05, -322.35, -783.83, -604.12, -901.18
