1492482037.26,-363.24,995.30, -8.82, -39.71
1492482037.26,-537.15, -24.73, -836.71, -515.23, -12.35, -998.24, -8.82, -41.18
1492482037.26,-531.72, , -786.71, -499.71, -11.77, -995.30, -8.82, -39.71
1492482037.26,-537.15, -24.73, -836.71, -515.23, -12.35, -998.24, -8.82, -41.18
1492482038.27,-531.72, -438.29, -29.25, -777.00, -289.86, -12.35, -802.94, -166.18, -222.94
1492482038.55,-434.29, -27.27, -926.71, -313.74, -12.94, -752.35, -193.53, -271.77
1492482038.82,-352.29, -24.44, -685.00, -249.56, -12.94, -613.83, -201.47, -237.94
1492482039.19,-281.15, -25.57, -524.43, -193.44, -13.24, -543.24, -200.88, -206.18
1492482039.56,-214.00, -25.86, -423.00, -148.36, -12.35, -510.00, -172.65, -227.65
1492482039.92,-208.29, -25.29, -449.86, -205.08, -12.35, -544.71, -194.71, -239.12
1492482040.29,-371.43, -28.96, -675.29, -288.36, -13.24, -672.94, -173.24, -257.94
1492482040.65,-502.58, -27.27, -808.71, -447.47, -13.53, -741.18, -120.59, -94.71
1492482041.02,-443.72, -27.27, -811.00, -347.17, -12.35, -701.77, -10.00, -28.83
1492482041.39,-367.15, -28.96, -703.86, -400.90, -12.94, -798.24, -14.71, -36.77
1492482041.66,-131.15, -28.12, -747.29, -808.36, -13.53, -993.83, -10.59, -36.18
1492482041.84,-431.72, -27.55, -756.14, -667.17, -13.24, -727.94, -9.71, -33.24
1492482042.02,-538.86, -29.25, -708.14, -331.95, -12.65, -552.06, -12.06, -36.18
1492482042.21,-108.86, -26.42, -631.57, -284.18, -12.94, -552.65, -13.82, -41.47
1492482042.39,-190.58, -28.68, -576.43, -205.38, -12.35, -508.24, -10.88, -49.71
1492482042.66,-267.15, -28.68, -505.86, -296.42, -12.35, -684.41, -14.12, -28.53
1492482042.94,-39.43, -29.81, -660.43, -460.30, -12.65, -643.83, -17.35, -49.71
1492482043.3,-42.58, -27.55, -759.86, -517.62, -13.53, -647.65, -19.41, -41.47
1492482043.67,-26.29, -29.81, -719.29, -362.39, -12.06, -609.41, -7.35, -27.94
1492482044.04,-31.72, -28.68, -631.86, -412.24, -13.24, -654.41, -8.82, -34.71
1492482044.49,-304.00, -27.27, -636.14, -486.27, -13.24, -676.18, -8.82, -20.00
1492482044.86,-576.00, -26.70, -635.86, -307.77, -12.94, -590.59, -8.53, -23.24
1492482045.22,-306.86, -25.29, -715.29, -368.06, -12.65, -641.77, -16.18, -46.18
1492482045.59,-266.86, -25.29, -802.14, -331.95, -13.53, -668.53, -47.94, -85.59
1492482045.87,-267.43, -27.55, -777.57, -374.63, -12.35, -714.71, -44.41, -79.12
1492482046.23,-319.72, -27.27, -726.43, -437.92, -12.94, -828.53, -12.94, -25.30
1492482046.51,-801.15, -26.42, -740.43, -641.80, -13.53, -900.00, -24.71, -68.24
1492482046.78,-475.43, -28.68, -704.14, -312.54, -12.94, -657.94, -43.82, -103.24
1492482047.05,-321.43, -30.94, -717.86, -247.17, -12.94, -750.59, -61.77, -64.71
1492482047.33,-280.29, -30.09, -697.00, -1181.80, -12.65, -1066.77, -27.94, -48.53
1492482047.6,-10.86, -27.83, -693.00, -748.36, -12.94, -830.00, -17.94, -40.30
1492482047.97,-318.00, -26.14, -800.71, -664.18, -12.94, -664.71, -14.71, -45.88
1492482048.43,-606.29, -26.99, -983.00, -804.48, -13.53, -785.59, -10.88, -23.24
1492482048.79,-607.43, -29.81, -962.14, -761.20, -13.24, -798.24, -46.18, -55.59
1492482049.16,-691.72, -28.40, -969.86, -760.00, -12.35, -1019.12, -277.65, -276.18
1492482049.61,-713.72, -28.68, -891.86, -607.77, -13.24, -880.30, -73.24, -117.06
1492482049.98,-326.00, -24.73, -921.86, -304.48, -12.94, -752.06, -267.06, -294.41
1492482050.44,-604.00, -27.83, -749.86, -612.24, -13.82, -825.30, -222.35, -186.77
1492482050.71,-569.43, -25.57, -798.14, -528.66, -12.06, -631.77, -170.30, -162.65
1492482050.99,-473.72, -25.29, -579.57, -432.84, -13.24, -575.30, -161.47, -148.24
1492482051.35,-403.15, -26.99, -483.29, -352.24, -12.65, -531.18, -192.94, -170.00
1492482051.72,-357.15, -26.70, -428.14, -349.86, -12.94, -514.71, -176.77, -158.83
1492482052.08,-374.00, -24.44, -427.00, -380.00, -12.94, -555.59, -201.47, -172.65
1492482052.45,-450.58, -30.38, -660.71, -577.32, -13.24, -696.18, -218.53, -179.71
1492482052.81,-556.86, -30.66, -749.29, -635.23, -12.94, -732.35, -216.77, -183.53
1492482053.18,-558.86, -29.53, -700.43, -528.66, -13.24, -626.47, -198.53, -161.77
1492482053.55,-416.29, -24.44, -547.00, -432.54, -13.24, -552.65, -181.47, -153.24
1492482053.91,-359.43, -23.60, -446.14, -364.48, -13.24, -532.94, -176.47, -149.12
1492482054.28,-357.43, -24.44, -510.14, -434.33, -12.94, -601.47, -200.59, -167.94
1492482054.83,-505.43, -30.09, -698.71, -621.50, -12.65, -732.35, -214.41, -185.88
1492482055.19,-568.29, -27.83, -740.71, -588.06, -13.24, -665.88, -198.82, -159.41
1492482055.56,-412.00, -24.73, -535.00, -453.14, -13.24, -551.47, -181.77, -153.53
1492482055.83,-367.72, -23.88, -427.00, -381.50, -12.94, -524.41, -170.00, -148.53
1492482056.11,-352.29, -24.16, -381.86, -348.06, -12.94, -509.12, -171.47, -150.59
1492482056.47,-339.15, -25.01, -421.57, -373.44, -12.65, -556.18, -192.65, -165.59
1492482056.93,-431.15, -30.66, -639.86, -581.80, -12.94, -704.12, -206.77, -189.41
1492482057.29,-610.29, -31.22, -770.14, -688.06, -12.65, -761.47, -210.59, -187.35
1492482057.57,-583.43, -27.83, -721.86, -598.51, -12.65, -639.71, -190.59, -165.88
1492482057.84,-444.00, -25.01, -561.29, -486.57, -13.24, -543.83, -184.71, -152.06
1492482058.12,-385.15, -24.16, -450.71, -400.60, -12.94, -512.65, -174.71, -147.65
1492482058.49,-353.72, -25.29, -382.71, -356.12, -12.94, -505.59, -168.82, -147.06
1492482058.94,-350.29, -23.88, -373.57, -357.02, -13.24, -542.06, -158.82, -143.24
1492482059.4,-301.72, -35.74, -458.14, -228.96, -14.71, -576.18, -171.77, -151.77
1492482059.67,-134.29, -49.58, -470.71, -135.83, -15.88, -643.83, -249.71, -203.53
1492482060.04,-81.43, -57.49, -502.43, -99.41, -15.00, -711.18, -276.77, -251.77
1492482060.4,-66.00, -71.34, -607.86, -105.08, -14.41, -822.65, -295.30, -290.00
1492482060.86,-49.72, -77.83, -599.86, -108.06, -15.00, -787.65, -298.24, -295.00
1492482061.32,-50.86, -56.93, -573.00, -131.35, -15.00, -846.18, -279.12, -293.83
1492482061.77,-76.86, -54.95, -698.14, -140.90, -15.00, -817.35, -246.47, -283.24
1492482062.14,-59.72, -47.32, -548.43, -108.66, -14.71, -695.88, -224.12, -266.18
1492482062.51,-55.43, -43.65, -497.00, -106.57, -14.12, -668.24, -212.94, -263.53
1492482062.87,-50.86, -44.50, -540.71, -132.84, -13.82, -687.35, -220.88, -275.88
1492482063.24,-52.00, -52.97, -543.29, -137.62, -14.41, -698.24, -222.35, -278.24
1492482063.6,-70.00, -50.43, -619.29, -142.69, -14.71, -786.47, -220.30, -281.77
1492482063.88,-100.58, -46.19, -724.14, -146.27, -15.00, -798.83, -216.77, -280.88
1492482064.15,-102.58, -46.48, -721.00, -137.92, -14.71, -756.18, -198.53, -258.24
1492482064.43,-78.00, -41.68, -649.86, -122.39, -14.12, -661.18, -149.71, -208.53
1492482064.79,-93.15, -31.79, -600.71, -106.27, -14.12, -609.41, -140.00, -210.00
1492482065.34,-94.58, -39.70, -589.57, -135.23, -13.82, -618.53, -213.24, -207.65
1492482065.8,-142.00, -41.68, -761.29, -147.17, -14.12, -808.53, -223.53, -220.30
1492482066.16,-104.00, -37.72, -625.57, -126.57, -14.41, -684.12, -209.12, -225.00
1492482066.53,-78.00, -49.30, -584.71, -127.47, -13.82, -686.77, -217.65, -226.18
1492482066.89,-70.00, -42.52, -560.14, -120.30, -14.12, -673.24, -213.53, -220.88
1492482067.35,-63.72, -43.37, -573.86, -133.44, -14.12, -768.24, -218.24, -232.94
1492482067.71,-112.00, -59.75, -684.71, -151.35, -14.41, -832.65, -228.53, -242.35
1492482068.08,-140.00, -63.71, -700.43, -163.59, -14.12, -854.12, -236.47, -250.59
1492482068.36,-122.00, -36.87, -708.14, -170.15, -13.53, -631.47, -194.12, -163.53
1492482068.72,-183.15, -27.83, -481.29, -155.23, -13.53, -463.24, -105.30, -83.83
1492482069.09,-434.00, -23.60, -487.57, -260.00, -14.12, -668.83, -133.53, -96.18
1492482069.54,-596.00, -25.01, -507.00, -367.77, -12.35, -520.59, -70.30, -48.83
1492482069.91,-594.86, -21.62, -571.57, -608.66, -11.77, -802.35, -23.53, -31.47
1492482070.46,-1053.15, -20.49, -857.29, -989.56, -8.24, -1181.77, -13.24, -27.94
1492482070.82,-1051.43, -19.08, -813.00, -1028.96, -6.77, -1157.94, -15.00, -37.35
1492482071.19,-1122.58, -18.51, -895.86, -1088.06, -7.35, -1361.18, -17.06, -41.18
1492482071.64,-1310.58, -18.79, -962.43, -1144.18, -7.06, -1350.59, -17.65, -43.83
1492482072.1,-1221.15, -19.08, -887.29, -1037.02, -7.65, -1168.24, -17.94, -42.65
1492482072.56,-1080.29, -18.79, -733.57, -961.50, -7.94, -1064.12, -18.24, -40.59
1492482072.93,-1037.43, -18.79, -679.00, -950.75, -7.65, -1021.77, -18.24, -40.30
1492482073.29,-1006.86, -18.51, -646.14, -945.38, -7.35, -1020.30, -17.65, -40.30
1492482073.66,-995.15, -18.79, -607.29, -946.57, -7.35, -1076.47, -18.82, -42.06
1492482074.11,-1124.29, -18.79, -831.57, -1086.27, -7.35, -1292.65, -21.47, -44.71
1492482074.48,-1229.72, -19.08, -1030.14, -1133.44, -7.35, -1306.77, -20.88, -43.53
1492482074.85,-1164.00, -19.08, -895.00, -1046.87, -7.65, -1132.94, -19.71, -43.24
1492482075.12,-1056.58, -19.36, -773.00, -913.74, -8.82, -991.18, -23.82, -49.71
1492482075.67,-728.86, -22.18, -574.14, -374.03, -11.77, -569.41, -50.00, -101.18
1492482076.03,-277.15, -26.42, -500.14, -193.74, -12.35, -417.35, -139.41, -178.24
1492482076.4,-290.29, -32.92, -593.86, -313.74, -12.35, -514.41, -239.41, -241.47
1492482076.77,-343.43, -27.55, -702.71, -351.05, -12.65, -520.88, -201.18, -197.65
1492482077.04,-347.15, -26.14, -567.00, -307.77, -13.24, -444.41, -191.18, -204.71
1492482077.4,-304.86, -25.01, -462.71, -267.77, -12.94, -407.35, -165.59, -190.00
1492482077.77,-276.00, -24.44, -401.57, -219.11, -13.24, -394.41, -152.35, -177.94
1492482078.04,-251.72, -25.29, -329.00, -171.35, -12.65, -394.12, -146.77, -173.83
1492482078.32,-242.00, -25.01, -310.14, -170.45, -12.65, -396.18, -143.24, -175.59
1492482078.59,-236.86, -26.14, -415.29, -242.99, -12.65, -437.06, -157.94, -190.30
1492482078.96,-290.29, -28.96, -587.29, -324.48, -12.94, -513.24, -166.18, -206.77
1492482079.23,-367.43, -30.38, -660.14, -389.56, -12.65, -541.18, -165.30, -214.71
1492482079.51,-415.43, -30.38, -686.43, -342.09, -13.82, -598.53, -158.24, -227.06
1492482079.87,-359.72, -35.46, -615.00, -178.51, -14.12, -523.53, -179.71, -240.59
1492482080.15,-134.58, -49.87, -473.29, -121.20, -14.41, -533.53, -288.53, -267.35
1492482080.42,-76.29, -57.49, -438.71, -104.18, -14.71, -592.35, -331.18, -319.71
1492482080.97,-41.72, -70.49, -314.14, -81.20, -13.53, -542.65, -268.53, -369.41
1492482081.42,-53.15, -81.22, -361.00, -107.77, -14.12, -544.71, -267.06, -371.18
1492482081.61,-51.72, -71.05, -351.29, -104.78, -14.12, -541.77, -267.06, -365.59
1492482081.88,-49.72, -61.17, -334.14, -88.66, -13.82, -549.41, -255.59, -352.35
1492482082.16,-62.00, -49.87, -455.57, -85.68, -13.82, -646.47, -257.35, -356.77
1492482082.52,-78.58, -57.78, -545.57, -84.48, -14.12, -672.94, -259.41, -362.65
1492482082.89,-72.86, -64.84, -533.00, -78.51, -14.12, -626.77, -254.41, -357.94
1492482083.25,-66.58, -60.04, -445.57, -69.86, -14.12, -575.88, -249.41, -348.53
1492482083.62,-57.15, -44.22, -371.00, -65.08, -13.53, -547.06, -237.06, -337.65
1492482083.99,-47.72, -43.94, -354.14, -68.36, -13.53, -549.71, -236.18, -333.83
1492482084.44,-45.43, -44.50, -351.86, -65.38, -14.12, -553.83, -242.65, -329.41
1492482084.81,-44.29, -43.94, -355.57, -69.26, -14.41, -544.12, -244.12, -325.88
1492482085.17,-44.86, -50.15, -400.14, -74.33, -14.12, -633.83, -252.65, -342.94
1492482085.45,-76.86, -61.45, -562.43, -74.93, -14.12, -734.71, -256.77, -349.41
1492482085.63,-89.15, -67.66, -612.14, -78.21, -14.12, -710.00, -242.06, -354.41
1492482085.9,-60.29, -53.82, -600.43, -68.06, -14.41, -642.06, -236.77, -344.41
1492482086.27,-35.15, -39.70, -467.57, -65.68, -14.41, -535.59, -238.53, -328.83
1492482086.64,-44.00, -36.59, -393.86, -78.21, -14.12, -504.41, -238.24, -291.77
1492482087.0,-54.86, -32.64, -361.57, -93.74, -13.24, -456.47, -190.88, -200.88
1492482087.37,-159.15, -21.62, -389.57, -127.17, -12.94, -437.35, -175.59, -136.47
1492482087.82,-330.58, -20.49, -472.14, -228.66, -12.94, -549.71, -158.82, -108.24
1492482088.28,-441.43, -22.75, -443.29, -189.56, -12.94, -469.41, -89.71, -151.18
1492482088.65,-503.43, -23.03, -576.43, -465.38, -12.06, -617.94, -187.94, -179.41
1492482089.01,-616.86, -23.31, -795.00, -505.08, -12.06, -609.12, -144.71, -177.65
1492482089.38,-443.15, -23.03, -602.43, -356.12, -12.35, -482.65, -149.71, -159.71
1492482089.65,-351.43, -23.03, -479.86, -292.24, -12.35, -417.06, -142.06, -157.06
1492482089.93,-313.43, -23.03, -359.57, -242.39, -12.35, -387.94, -133.82, -150.00
1492482090.2,-291.15, -22.75, -298.43, -215.53, -12.35, -377.65, -136.77, -147.06
1492482090.48,-283.15, -23.31, -261.86, -189.56, -12.06, -367.65, -135.88, -144.41
1492482090.75,-268.29, -24.44, -283.00, -227.77, -12.06, -394.12, -145.30, -150.88
1492482091.12,-303.43, -24.73, -465.00, -313.44, -12.35, -464.41, -156.18, -154.71
1492482091.48,-339.72, -25.57, -509.29, -310.45, -12.65, -465.00, -43.82, -76.18
1492482091.94,-123.72, -24.44, -530.14, -406.87, -12.65, -435.30, -28.53, -131.47
1492482092.4,-165.72, -25.57, -699.86, -693.44, -10.00, -421.18, -129.71, -246.47
1492482092.85,-131.15, -34.33, -593.29, -462.69, -10.88, -366.18, -153.82, -277.94
1492482093.22,-140.29, -32.07, -508.71, -401.50, -10.88, -360.00, -140.88, -245.30
1492482093.49,-177.43, -30.09, -483.57, -376.12, -12.06, -362.06, -149.71, -258.53
1492482093.76,-162.58, -32.64, -479.00, -382.99, -12.06, -381.77, -150.59, -238.24
1492482094.04,-166.58, -33.77, -571.29, -335.53, -10.88, -448.53, -128.24, -232.35
1492482094.31,-169.15, -28.12, -591.00, -241.50, -11.47, -481.18, -111.77, -189.12
1492482094.68,-189.43, -25.01, -619.86, -226.27, -11.77, -453.24, -110.59, -199.41
1492482095.05,-158.86, -33.20, -599.29, -214.93, -11.18, -431.18, -105.59, -196.47
1492482095.41,-115.43, -36.31, -595.29, -222.99, -11.18, -401.47, -96.18, -194.12
1492482095.78,-111.15, -29.81, -557.00, -277.02, -12.06, -356.47, -102.65, -211.47
1492482096.14,-126.00, -32.92, -591.00, -397.92, -11.77, -453.24, -133.82, -234.12
1492482096.51,-234.58, -36.59, -782.14, -479.71, -10.59, -531.47, -147.65, -236.47
1492482096.87,-278.86, -30.09, -742.71, -442.39, -11.77, -486.77, -137.06, -228.24
1492482097.24,-251.15, -28.40, -649.29, -391.65, -11.77, -432.06, -141.77, -220.00
1492482097.51,-240.86, -30.38, -607.29, -388.36, -11.77, -418.83, -147.35, -223.83
1492482097.79,-232.58, -34.33, -639.00, -411.95, -11.47, -417.65, -143.24, -222.94
1492482098.15,-230.86, -37.44, -633.57, -429.86, -11.18, -414.41, -138.24, -213.53
1492482098.52,-239.15, -30.38, -622.43, -416.12, -11.47, -400.00, -140.30, -212.65
1492482098.98,-211.72, -30.94, -590.43, -382.39, -11.47, -394.12, -139.12, -200.30
1492482099.34,-192.86, -31.79, -557.29, -365.98, -11.77, -387.94, -126.77, -197.35
1492482099.8,-190.29, -28.12, -519.86, -354.03, -11.77, -421.47, -109.12, -182.65
1492482100.16,-292.86, -24.73, -607.57, -260.30, -12.65, -504.71, -40.30, -60.88
1492482100.53,-466.58, -27.83, -432.71, -125.98, -13.24, -505.59, -19.41, -31.77
1492482100.99,-542.58, -26.14, -308.43, -114.93, -14.71, -545.59, -94.12, -99.41
1492482101.35,-639.43, -28.40, -592.14, -276.42, -11.77, -648.24, -123.82, -180.30
1492482101.63,-569.43, -26.70, -667.86, -268.06, -12.35, -615.00, -104.41, -184.41
1492482101.9,-456.86, -24.73, -552.71, -221.20, -12.94, -490.30, -142.94, -208.83
1492482102.17,-368.00, -24.16, -444.14, -169.56, -12.94, -442.06, -119.71, -171.47
1492482102.54,-306.86, -23.60, -335.29, -130.15, -12.65, -421.47, -124.41, -169.71
1492482102.91,-267.43, -25.86, -311.86, -115.83, -12.94, -411.47, -83.53, -63.83
1492482103.46,-391.15, -26.42, -428.71, -108.36, -13.24, -718.53, -13.24, -20.30
1492482103.82,-659.15, -27.83, -443.29, -70.15, -16.18, -670.59, -20.30, -0.88
1492482104.19,-638.58, -32.64, -314.43, -74.93, -14.71, -602.65, -22.06, 8.53
1492482104.55,-626.29, -21.90, -230.71, -78.81, -13.24, -560.88, -26.18, 8.23
1492482105.01,-546.58, -25.01, -244.43, -92.54, -13.82, -629.71, -26.18, 7.65
1492482105.56,-682.58, -30.94, -372.14, -97.02, -15.59, -611.77, -27.06, 7.35
1492482105.83,-501.43, -27.27, -263.00, -94.03, -14.12, -538.83, -26.77, 7.94
1492482106.1,-420.29, -26.42, -239.57, -100.60, -14.71, -524.41, -26.47, 7.65
1492482106.38,-406.58, -26.14, -231.57, -102.39, -14.71, -509.41, -26.47, 7.65
1492482106.75,-378.86, -27.55, -220.71, -114.33, -15.30, -494.12, -23.53, 8.23
1492482107.11,-345.43, -24.73, -243.29, -132.84, -14.41, -537.06, -20.88, 7.35
1492482107.48,-405.43, -25.86, -442.71, -185.98, -15.00, -665.30, -26.18, 7.06
1492482107.85,-418.00, -33.48, -543.57, -184.18, -15.30, -640.30, -26.47, 5.00
1492482108.21,-381.72, -29.25, -437.86, -180.90, -15.00, -554.12, -23.24, 6.17
1492482108.67,-340.86, -23.88, -360.43, -191.65, -15.00, -498.24, -22.65, 6.47
1492482109.12,-301.15, -22.75, -327.29, -191.35, -14.71, -476.47, -22.94, 6.17
1492482109.67,-296.58, -21.34, -281.00, -176.72, -14.71, -467.65, -24.12, 6.76
1492482110.04,-273.15, -22.75, -279.57, -189.26, -14.71, -520.59, -24.12, 6.17
1492482110.4,-309.72, -26.14, -506.14, -255.53, -15.30, -594.71, -25.30, 5.29
1492482110.77,-361.15, -31.22, -592.71, -271.95, -15.00, -612.94, -27.65, 5.29
1492482111.13,-364.86, -28.68, -513.29, -238.51, -15.59, -569.71, -27.65, 6.76
1492482111.5,-285.72, -28.12, -405.57, -270.75, -14.41, -436.47, -26.77, 2.94
1492482111.96,-167.43, -25.01, -369.57, -299.71, -14.41, -362.06, -20.88, -37.35
1492482112.32,-153.15, -27.27, -396.43, -438.81, -13.24, -378.24, -42.06, -92.06
1492482112.69,-176.58, -27.83, -597.29, -543.59, -12.65, -464.41, -143.82, -173.53
1492482113.05,-211.43, -29.25, -760.14, -645.68, -12.94, -520.30, -156.77, -143.24
1492482113.6,-176.86, -25.57, -590.14, -505.98, -12.65, -473.53, -107.65, -141.77
1492482114.15,-154.58, -25.01, -405.29, -395.53, -12.65, -377.94, -87.06, -135.00
1492482114.52,-119.15, -25.57, -454.43, -462.99, -12.65, -433.53, -125.00, -137.94
1492482114.79,-269.43, -27.55, -699.00, -646.57, -12.94, -532.65, -127.06, -150.88
1492482114.97,-338.00, -28.68, -810.43, -708.66, -12.35, -614.12, -134.41, -158.24
1492482115.16,-329.43, -26.70, -791.00, -700.60, -12.94, -588.53, -146.18, -168.53
1492482115.43,-300.00, -26.14, -728.71, -663.29, -12.94, -558.83, -115.88, -173.53
1492482115.8,-264.00, -25.86, -600.14, -554.33, -12.94, -504.71, -91.18, -158.53
1492482116.16,-217.72, -27.27, -356.43, -337.62, -14.41, -578.53, -50.88, -117.35
1492482116.53,-261.72, -27.83, -315.57, -204.48, -12.65, -705.88, -32.94, -115.00
1492482116.8,-181.15, -27.83, -372.71, -82.39, -10.59, -760.88, -26.47, -106.47
