1492480998.46,.65, 3.23
1492480998.46,-476.86, -208.34, -464.71, -756.42, -108.53, -232.35, -2.65, 3.53
1492480998.46,-503.72, 0, -507.86, -811.35, -107.65, -252.65, -2.65, 3.23
1492480998.46,-476.86, -208.34, -464.71, -756.42, -108.53, -232.35, -2.65, 3.53
1492480999.39,-503.72, -540.86, -653.54, -413.00, -294.93, -493.82, -353.83, -2.94, 3.23
1492480999.67,-605.15, -617.10, -595.57, -472.54, -358.53, -395.00, -2.65, 3.53
1492480999.94,-602.86, -496.19, -685.57, -543.29, -371.77, -377.06, -2.94, 3.23
1492481000.22,-580.29, -384.33, -609.00, -462.69, -360.30, -338.83, -2.65, 3.23
1492481000.58,-514.29, -377.55, -532.43, -386.27, -320.30, -276.77, -2.65, 2.94
1492481000.95,-470.29, -343.09, -529.29, -432.54, -325.00, -293.53, -2.94, 3.53
1492481001.32,-554.58, -346.48, -639.57, -579.71, -268.82, -445.30, -2.65, 2.94
1492481001.68,-859.43, -187.16, -555.29, -786.57, -130.88, -438.24, -2.65, 3.23
1492481002.05,-1065.72, -121.62, -388.14, -751.35, -162.06, -342.65, -2.65, 3.23
1492481002.42,-947.15, -149.02, -471.00, -886.87, -19.12, -619.71, -2.94, 3.23
1492481002.78,-1458.00, -18.51, -909.57, -1305.98, -13.53, -1126.47, -2.94, 3.23
1492481003.06,-1792.86, -18.51, -929.00, -1434.63, -14.12, -1172.35, -2.65, 3.53
1492481003.24,-1810.29, -17.95, -992.14, -1485.38, -12.65, -1141.77, -2.35, 3.23
1492481003.42,-1807.15, -19.08, -1023.86, -1442.69, -12.65, -1079.41, -2.65, 3.23
1492481003.61,-1761.43, -18.51, -964.71, -1382.39, -12.35, -1025.30, -2.65, 3.23
1492481003.88,-1695.43, -18.51, -886.14, -1341.20, -13.24, -1050.30, -2.65, 3.23
1492481004.16,-1675.72, -18.79, -866.14, -1340.30, -13.82, -1007.35, -2.65, 2.94
1492481004.52,-1576.58, -19.08, -841.86, -1315.23, -13.24, -967.94, -2.65, 3.23
1492481004.89,-1561.15, -18.79, -855.86, -1307.47, -13.24, -953.53, -2.65, 2.94
1492481005.26,-1528.29, -18.79, -816.14, -1280.90, -13.24, -923.83, -2.65, 3.23
1492481005.71,-1530.00, -18.79, -777.00, -1239.11, -13.24, -883.83, -2.65, 3.23
1492481006.08,-1472.29, -18.79, -794.14, -1268.66, -13.53, -867.65, -2.65, 3.23
1492481006.44,-1451.43, -18.79, -827.86, -1270.75, -13.24, -802.94, -2.65, 3.23
1492481006.81,-1404.00, -18.79, -829.00, -1235.53, -12.94, -767.06, -2.65, 3.23
1492481007.08,-1355.72, -19.08, -792.71, -1198.81, -13.24, -746.18, -2.94, 3.23
1492481007.45,-1345.72, -19.36, -790.43, -1201.80, -13.53, -717.94, -2.94, 3.53
1492481007.73,-1348.00, -19.36, -771.29, -1186.27, -12.94, -700.30, -2.94, 3.23
1492481008.0,-1318.86, -19.36, -768.14, -1181.20, -13.53, -674.12, -2.65, 3.23
1492481008.28,-1343.15, -20.21, -718.71, -1094.03, -14.12, -665.30, -2.94, 3.23
1492481008.55,-1214.86, -20.49, -617.57, -960.60, -15.00, -575.59, -2.65, 3.23
1492481008.83,-1081.15, -23.03, -502.43, -762.69, -17.94, -370.00, -2.65, 3.23
1492481009.19,-813.43, -34.05, -327.57, -505.08, -66.47, -172.06, -2.65, 3.23
1492481009.65,-444.29, -637.44, -271.86, -280.00, -739.71, -233.24, -2.94, 3.23
1492481010.02,-313.43, -1172.75, -374.71, -223.59, -704.41, -283.53, -2.65, 3.23
1492481010.38,-253.72, -1051.84, -379.29, -231.65, -543.53, -288.24, -2.94, 3.23
1492481010.84,-268.86, -776.99, -373.86, -250.75, -416.77, -330.30, -2.94, 3.53
1492481011.2,-369.43, -660.04, -485.86, -410.15, -353.53, -405.88, -2.94, 3.23
1492481011.66,-497.43, -639.42, -586.14, -540.30, -328.82, -488.24, -2.65, 3.23
1492481011.94,-519.15, -592.52, -592.43, -509.86, -324.12, -462.35, -2.65, 3.23
1492481012.21,-476.29, -538.00, -536.43, -426.57, -323.53, -422.65, -2.65, 2.94
1492481012.58,-420.29, -527.27, -487.00, -364.48, -312.94, -381.47, -2.94, 3.23
1492481012.94,-378.58, -516.82, -453.86, -317.62, -294.12, -353.24, -2.65, 3.23
1492481013.31,-374.58, -502.13, -437.29, -300.60, -268.53, -345.30, -2.65, 3.23
1492481013.68,-377.15, -503.26, -519.29, -445.98, -291.77, -412.35, -2.65, 3.53
1492481014.04,-463.43, -566.53, -607.29, -533.14, -302.06, -467.35, -2.94, 3.23
1492481014.41,-507.43, -545.06, -595.86, -491.05, -300.30, -417.94, -2.94, 3.23
1492481014.77,-429.43, -475.29, -501.29, -380.60, -285.00, -365.88, -2.65, 3.53
1492481015.14,-369.43, -464.84, -437.86, -316.42, -269.71, -341.77, -2.94, 3.23
1492481015.5,-372.00, -449.58, -434.43, -320.90, -260.30, -345.88, -2.65, 3.23
1492481016.05,-436.29, -437.72, -577.86, -567.77, -181.47, -477.94, -2.94, 3.23
1492481016.42,-1021.15, -28.96, -735.86, -925.98, -26.77, -890.00, -2.65, 3.23
1492481016.79,-1499.15, -15.69, -987.86, -1334.93, -13.53, -1167.06, -2.65, 3.23
1492481017.06,-1746.00, -16.82, -942.14, -1434.63, -12.94, -1231.47, -2.94, 3.23
1492481017.34,-1790.00, -18.23, -838.14, -1399.41, -12.94, -1129.12, -2.65, 3.23
1492481017.7,-1676.86, -17.66, -793.57, -1307.77, -12.65, -992.06, -2.94, 3.23
1492481018.16,-1562.86, -17.95, -762.71, -1253.74, -13.24, -1012.65, -2.35, 3.53
1492481018.52,-1532.58, -17.95, -744.43, -1240.30, -12.65, -980.00, -2.65, 3.23
1492481018.8,-1525.72, -18.23, -752.14, -1224.48, -12.94, -911.18, -2.65, 3.23
1492481019.07,-1500.86, -18.23, -705.00, -1200.00, -12.94, -917.35, -2.65, 2.94
1492481019.44,-1505.15, -18.51, -717.57, -1224.78, -13.24, -899.71, -2.65, 3.53
1492481019.81,-1511.72, -18.23, -701.86, -1223.29, -13.24, -863.24, -2.94, 3.3
1492481020.26,-1518.29, -18.79, -692.43, -1211.35, -12.94, -858.83, -2.65, 3.53
1492481020.72,-1499.43, -18.23, -689.86, -1220.30, -13.24, -842.65, -2.94, 3.53
1492481021.0,-1467.15, -18.51, -696.14, -1214.93, -13.53, -828.83, -2.65, 3.23
1492481021.36,-1462.86, -18.79, -686.43, -1211.65, -12.94, -803.24, -2.65, 3.23
1492481021.72,-1464.86, -19.08, -670.14, -1185.38, -13.53, -822.65, -2.35, 3.23
1492481022.18,-1440.86, -19.08, -676.14, -1159.71, -13.53, -793.24, -2.65, 3.53
1492481022.64,-1402.29, -19.08, -643.29, -1135.53, -13.53, -770.30, -2.94, 3.23
1492481023.01,-1381.72, -18.79, -646.14, -1128.96, -13.53, -756.47, -2.94, 3.23
1492481023.37,-1354.86, -19.08, -654.71, -1121.50, -13.24, -719.12, -2.65, 3.23
1492481023.74,-1330.00, -18.79, -624.43, -1093.14, -13.53, -687.65, -2.94, 3.23
1492481024.11,-1206.86, -20.77, -574.43, -994.03, -14.12, -541.77, -2.94, 3.53
1492481024.47,-1036.58, -24.73, -450.71, -664.18, -20.00, -283.24, -2.65, 3.23
1492481024.83,-684.58, -56.65, -263.86, -385.98, -150.30, -149.41, -2.94, 3.23
1492481025.11,-380.86, -703.54, -234.14, -221.50, -550.30, -241.47, -2.65, 3.23
1492481025.38,-304.29, -1022.47, -267.00, -166.57, -693.53, -297.94, -2.94, 3.23
1492481025.66,-274.29, -1099.30, -274.43, -160.60, -701.47, -290.00, -2.65, 3.23
1492481026.03,-252.86, -842.81, -272.14, -169.26, -513.53, -286.18, -2.65, 3.23
1492481026.58,-235.43, -649.02, -316.14, -266.87, -350.88, -270.88, -2.65, 3.23
1492481027.03,-337.15, -685.18, -456.43, -453.74, -418.53, -353.24, -2.65, 3.23
1492481027.4,-440.58, -667.95, -563.57, -513.74, -382.65, -382.06, -2.35, 3.53
1492481027.76,-373.72, -601.56, -473.29, -397.92, -358.24, -307.94, -2.94, 3.23
1492481028.13,-302.29, -554.10, -414.71, -315.23, -337.65, -269.71, -2.65, 3.23
1492481028.59,-261.43, -533.48, -386.43, -276.12, -290.00, -261.18, -2.65, 3.23
1492481028.95,-261.72, -498.45, -372.71, -266.57, -287.35, -257.65, -2.65, 3.23
1492481029.32,-253.15, -496.48, -376.71, -297.32, -320.00, -279.71, -2.65, 2.94
1492481029.59,-300.29, -562.86, -479.00, -440.60, -350.30, -326.77, -2.65, 2.94
1492481029.96,-380.29, -580.09, -538.14, -505.38, -356.47, -350.59, -2.94, 3.53
1492481030.32,-367.15, -580.38, -503.29, -461.20, -352.65, -315.59, -2.94, 3.23
1492481030.78,-312.58, -511.73, -431.86, -355.83, -320.30, -270.59, -2.65, 2.94
1492481031.15,-282.29, -520.21, -377.00, -321.80, -320.88, -245.00, -2.94, 2.94
1492481031.7,-366.29, -855.23, -514.43, -480.60, -837.35, -326.77, -2.94, 3.23
1492481032.06,-347.72, -1428.12, -368.14, -171.35, -1491.47, -464.71, -2.65, 3.53
1492481032.43,-241.43, -2304.39, -662.43, -209.26, -2047.35, -692.35, -2.65, 3.23
1492481032.89,-204.86, -3141.39, -798.43, -181.80, -2521.77, -800.88, -2.65, 3.23
1492481033.34,-232.58, -3259.47, -857.86, -267.17, -1947.35, -890.59, -2.94, 3.23
1492481033.8,-416.86, -3500.15, -909.86, -308.96, -2210.88, -855.00, -2.65, 3.53
1492481034.17,-313.72, -3308.91, -923.86, -329.86, -2070.59, -811.18, -2.94, 3.23
1492481034.53,-265.15, -3146.48, -893.57, -331.35, -2064.41, -772.94, -2.94, 3.23
1492481034.9,-252.00, -3138.57, -889.00, -351.35, -2048.82, -824.41, -2.94, 3.23
1492481035.36,-268.00, -3035.18, -899.29, -347.47, -2022.35, -891.77, -2.65, 3.53
1492481035.72,-245.43, -2861.45, -896.43, -337.32, -1960.00, -902.65, -2.65, 3.23
1492481036.09,-236.29, -2670.49, -886.14, -330.15, -1947.06, -918.83, -2.94, 3.23
1492481036.36,-227.72, -2599.58, -893.86, -337.92, -1875.30, -923.83, -2.65, 3.53
1492481036.73,-223.72, -2564.27, -924.71, -361.20, -1868.82, -913.53, -2.94, 3.53
1492481037.28,-222.29, -2569.64, -892.71, -369.86, -1859.41, -906.77, -2.94, 3.23
1492481037.73,-276.29, -2610.88, -925.86, -489.56, -2104.71, -911.18, -2.65, 3.53
1492481038.1,-347.43, -2564.56, -974.14, -533.14, -1828.24, -965.00, -2.94, 3.53
1492481038.38,-362.58, -2495.35, -972.14, -523.59, -1785.30, -944.41, -22280.30, 3.53
1492481038.74,-333.15, -2436.03, -943.00, -502.69, -1738.24, -920.00, -2.65, 3.23
1492481039.1,-323.15, -2359.19, -931.00, -497.32, -1736.47, -928.53, -2.65, 3.23
1492481039.38,-331.15, -2301.84, -965.29, -502.09, -1707.35, -917.65, -2.65, 3.23
1492481039.65,-296.86, -2323.03, -935.00, -479.41, -1751.18, -900.00, -2.94, 3.23
1492481039.93,-276.58, -2328.12, -933.86, -474.93, -1756.18, -884.12, -2.94, 3.23
1492481040.3,-279.72, -2376.70, -922.71, -464.18, -1822.94, -858.53, -2.65, 3.23
1492481040.57,-251.43, -2404.10, -859.57, -414.93, -1885.88, -840.88, -2.65, 3.23
1492481040.84,-241.15, -2391.68, -864.71, -406.57, -1912.06, -825.30, -2.94, 3.23
1492481041.21,-236.29, -2324.16, -852.43, -385.68, -1877.94, -817.94, -2.65, 3.23
1492481041.49,-223.43, -2234.90, -817.00, -364.18, -1843.82, -821.77, -2.94, 3.82
1492481041.76,-230.29, -2194.22, -788.43, -369.56, -1841.77, -840.30, -2.65, 3.53
1492481042.12,-266.29, -2105.52, -854.43, -409.86, -1535.30, -953.24, -2.94, 3.53
1492481042.58,-478.00, -1017.95, -1070.43, -503.89, -536.18, -1368.24, -2.94, 3.23
1492481042.86,-989.43, -381.51, -933.86, -599.11, -294.41, -965.88, -2.94, 3.53
1492481043.04,-1023.43, -169.64, -544.71, -525.08, -176.77, -567.35, -2.65, 3.53
1492481043.31,-933.43, -127.55, -412.14, -484.48, -125.00, -379.12, -2.94, 3.23
1492481043.68,-786.58, -119.08, -368.71, -458.81, -122.06, -268.83, -2.94, 3.53
1492481044.05,-573.43, -207.78, -377.00, -449.86, -130.88, -206.77, -2.94, 3.23
1492481044.41,-535.43, -231.51, -407.57, -457.62, -157.94, -206.77, -2.65, 3.53
1492481044.77,-544.58, -296.19, -454.43, -580.00, -190.30, -261.77, -2.65, 3.23
1492481045.05,-653.43, -373.31, -514.71, -681.20, -221.18, -295.30, -2.65, 3.23
1492481045.51,-643.72, -413.43, -503.29, -610.75, -235.30, -260.88, -2.94, 3.53
1492481045.87,-523.15, -363.14, -442.43, -506.87, -221.18, -208.53, -2.94, 3.53
1492481046.24,-455.43, -366.82, -425.29, -439.11, -195.88, -183.24, -2.65, 3.23
1492481046.52,-431.72, -362.01, -411.00, -403.59, -185.59, -184.71, -2.94, 3.53
1492481046.7,-424.00, -368.23, -409.00, -416.72, -198.53, -188.53, -2.94, 3.3
1492481046.89,-429.72, -363.71, -411.57, -432.24, -195.30, -185.30, -2.94, 3.23
1492481047.07,-437.15, -365.69, -417.00, -442.99, -192.06, -183.83, -2.65, 2.94
1492481047.25,-439.15, -371.05, -422.14, -445.98, -188.82, -183.53, -2.94, 3.53
1492481047.62,-447.43, -388.00, -436.43, -521.80, -205.88, -229.12, -2.65, 3.23
1492481047.99,-574.58, -448.74, -503.86, -640.00, -226.47, -296.47, -2.65, 3.53
1492481048.36,-597.15, -468.79, -507.29, -601.80, -237.94, -255.88, -2.65, 3.23
1492481048.72,-498.86, -415.97, -432.14, -471.05, -224.41, -197.65, -2.94, 3.23
1492481049.18,-452.58, -409.47, -391.00, -414.63, -212.94, -192.94, -2.94, 3.23
1492481049.65,-438.29, -392.81, -387.29, -394.33, -190.30, -202.65, -2.94, 3.23
1492481050.1,-449.43, -373.60, -400.43, -429.86, -193.82, -204.71, -2.65, 3.23
1492481050.38,-492.00, -423.60, -468.71, -543.89, -207.65, -270.59, -2.94, 3.23
1492481050.75,-554.86, -438.29, -506.14, -592.24, -217.65, -297.06, -2.65, 3.23
1492481051.02,-568.29, -463.99, -500.71, -598.51, -269.71, -305.88, -2.94, 3.53
1492481051.3,-592.00, -632.92, -475.86, -586.57, -516.18, -285.59, -2.65, 3.23
1492481051.48,-449.72, -1109.47, -463.29, -463.29, -828.24, -323.53, -2.94, 3.53
1492481051.76,-383.43, -1606.65, -559.00, -466.87, -1342.94, -493.53, -2.94, 3.23
1492481052.03,-362.86, -2426.70, -698.14, -439.11, -1766.77, -643.83, -2.65, 3.23
1492481052.4,-318.58, -3091.11, -806.14, -442.09, -2228.53, -751.47, -2.94, 3.23
1492481052.77,-218.86, -3803.26, -901.57, -433.44, -2599.12, -827.06, -2.94, 3.23
1492481053.23,-178.00, -3749.30, -930.14, -474.63, -2363.82, -862.94, -2.94, 3.23
1492481053.69,-211.43, -3263.14, -868.43, -428.66, -2224.41, -814.12, -2.65, 3.53
1492481054.15,-190.86, -2950.15, -860.43, -432.24, -2005.30, -837.65, -2.94, 3.23
1492481054.51,-194.29, -2717.38, -914.14, -468.36, -1868.53, -852.06, -2.94, 3.53
1492481054.79,-207.72, -2592.24, -910.14, -466.27, -1841.77, -845.59, -2.65, 3.23
1492481055.06,-198.29, -2577.55, -894.71, -465.38, -1839.12, -852.06, -2.94, 3.53
1492481055.34,-228.58, -2508.34, -898.71, -478.81, -1785.88, -856.77, -2.94, 3.23
1492481055.62,-225.72, -2493.09, -920.43, -495.23, -1768.24, -890.88, -2.65, 2.94
1492481055.98,-225.43, -2502.97, -939.57, -503.89, -1804.71, -900.00, -2.94, 3.23
1492481056.35,-253.43, -2453.26, -943.86, -513.44, -1774.41, -886.18, -2.94, 3.53
1492481056.72,-226.58, -2387.72, -935.57, -485.98, -1717.35, -886.18, -2.65, 3.23
1492481057.08,-222.00, -2286.31, -906.14, -448.66, -1728.24, -841.77, -2.94, 3.23
1492481057.45,-189.43, -2274.44, -836.43, -402.69, -1703.53, -827.35, -2.94, 3.23
1492481057.82,-174.58, -2175.01, -798.14, -387.47, -1640.88, -792.06, -2.94, 2.94
1492481058.18,-162.00, -2218.51, -759.29, -376.12, -1683.82, -772.65, -2.65, 3.23
1492481058.64,-176.29, -2201.00, -761.86, -396.42, -1727.65, -812.94, -2.94, 3.23
1492481058.92,-233.72, -2254.67, -813.00, -411.35, -1662.35, -872.65, -2.94, 3.23
1492481059.28,-247.15, -2147.04, -839.57, -415.53, -1649.41, -879.41, -2.65, 3.53
1492481059.65,-248.00, -2052.13, -844.71, -420.90, -1561.77, -890.88, -2.65, 2.94
1492481060.02,-217.72, -2006.36, -822.71, -412.24, -1560.88, -887.35, -2.65, 3.23
1492481060.39,-260.00, -1991.96, -804.43, -412.24, -1564.12, -884.41, -2.94, 3.23
1492481060.75,-245.43, -2024.73, -807.00, -418.51, -1570.59, -900.59, -2.65, 3.53
1492481061.21,-249.15, -1929.81, -793.86, -409.26, -1534.41, -910.59, -2.65, 3.23
1492481061.58,-250.58, -1829.81, -783.29, -396.42, -1539.71, -925.30, -2.65, 3.23
1492481061.94,-257.72, -1856.93, -829.00, -422.69, -1415.88, -1000.00, -2.94, 3.23
1492481062.4,-303.43, -1636.03, -917.57, -473.74, -839.71, -1311.77, -2.94, 3.23
1492481062.86,-614.86, -759.47, -992.14, -545.38, -415.30, -1188.24, -2.65, 2.94
1492481063.14,-971.72, -311.73, -785.86, -537.92, -253.53, -742.65, -2.65, 2.94
1492481063.41,-947.72, -160.04, -460.14, -432.84, -165.00, -494.71, -2.94, 3.23
1492481063.69,-869.72, -96.19, -304.14, -391.05, -98.24, -293.53, -2.94, 3.53
1492481064.05,-658.00, -76.42, -216.43, -325.98, -100.30, -182.65, -2.94, 3.23
1492481064.51,-430.58, -209.19, -236.14, -312.84, -166.18, -104.41, -2.65, 3.23
1492481064.97,-430.58, -334.61, -283.57, -441.20, -232.65, -186.47, -2.94, 3.23
1492481065.34,-549.15, -433.48, -417.29, -579.11, -255.00, -272.06, -2.94, 3.23
1492481065.7,-539.15, -435.74, -385.86, -517.32, -226.77, -225.00, -2.65, 3.23
1492481066.07,-464.29, -428.96, -307.86, -405.68, -235.30, -163.24, -2.65, 3.23
1492481066.53,-421.43, -378.12, -283.57, -340.30, -213.82, -131.47, -2.65, 3.23
1492481066.98,-338.00, -360.04, -276.43, -304.48, -232.65, -116.18, -2.65, 3.23
1492481067.26,-307.15, -361.73, -275.29, -314.93, -239.71, -121.47, -2.65, 3.53
1492481067.53,-358.58, -369.36, -273.00, -375.83, -244.12, -185.59, -2.65, 3.23
1492481067.81,-442.58, -389.13, -319.57, -461.20, -268.53, -248.53, -2.65, 3.23
1492481068.18,-501.15, -424.44, -365.29, -524.78, -238.53, -253.83, -2.65, 2.94
1492481068.54,-494.58, -369.36, -381.29, -562.69, -150.30, -335.00, -2.65, 3.23
1492481068.91,-575.72, -241.68, -473.29, -816.42, -102.35, -332.65, -2.65, 3.23
1492481069.37,-519.15, -183.77, -354.43, -618.51, -269.12, -320.30, -2.35, 3.53
1492481069.82,-552.29, -235.46, -277.29, -526.57, -446.18, -351.77, -2.65, 3.23
1492481070.28,-566.00, -357.78, -230.43, -392.24, -570.59, -217.94, -2.65, 3.23
1492481070.74,-426.58, -439.42, -246.14, -284.78, -479.12, -129.71, -2.65, 3.23
1492481071.2,-313.43, -363.71, -226.14, -225.68, -469.12, -143.83, -2.35, 3.23
1492481071.57,-310.86, -333.77, -210.43, -214.63, -455.30, -141.77, -2.65, 3.23
1492481071.93,-306.58, -339.13, -212.43, -234.03, -454.41, -145.30, -2.65, 3.53
1492481072.3,-355.15, -378.68, -257.57, -329.86, -458.53, -190.88, -2.65, 3.23
1492481072.57,-407.43, -410.32, -295.57, -389.86, -468.24, -216.77, -2.65, 3.23
1492481072.85,-403.72, -400.71, -273.86, -364.78, -470.88, -194.71, -2.94, 3.23
1492481073.31,-383.15, -362.86, -261.86, -325.38, -463.24, -130.30, -2.65, 3.23
1492481073.67,-335.43, -514.56, -516.71, -679.11, -286.18, -184.12, -2.65, 3.53
1492481074.04,-339.43, -643.65, -769.86, -909.56, -342.35, -205.00, -2.35, 3.82
1492481074.41,-301.15, -967.38, -1017.00, -1147.77, -544.41, -326.47, -2.35, 3.23
1492481074.96,-368.00, -1566.53, -1121.57, -1252.24, -786.77, -443.53, -2.94, 3.53
1492481075.51,-449.15, -1297.61, -769.00, -1011.65, -731.47, -622.94, -2.65, 2.94
1492481075.87,-571.43, -1251.84, -758.43, -1003.89, -794.71, -636.77, -2.65, 3.23
1492481076.15,-540.00, -1296.48, -765.00, -1111.35, -832.06, -550.59, -2.65, 3.53
1492481076.42,-496.58, -1372.18, -824.43, -1180.00, -869.12, -582.35, -2.65, 3.23
1492481076.79,-519.43, -1390.83, -781.57, -1100.00, -770.88, -670.30, -2.65, 3.23
1492481077.16,-562.58, -1256.93, -662.43, -988.96, -676.77, -667.06, -2.65, 3.23
1492481077.52,-593.15, -1257.49, -820.14, -1249.86, -617.94, -724.12, -2.65, 3.23
1492481077.89,-618.00, -1253.82, -1032.43, -1397.02, -616.77, -782.35, -2.35, 3.23
1492481078.16,-673.43, -1154.95, -1055.00, -1431.35, -598.82, -805.30, -2.65, 3.23
1492481078.53,-670.29, -1149.87, -1131.57, -1486.57, -579.12, -761.77, -2.65, 3.23
1492481078.89,-655.15, -1154.95, -1147.29, -1470.45, -596.47, -710.59, -2.65, 3.23
1492481079.17,-638.58, -1144.22, -1127.86, -1431.65, -626.77, -685.00, -2.94, 3.23
1492481079.53,-623.43, -1171.90, -1061.29, -1344.78, -626.77, -682.06, -2.35, 3.53
1492481079.81,-625.43, -1070.77, -979.29, -1254.93, -639.71, -676.18, -2.94, 2.94
1492481080.08,-634.29, -984.33, -869.57, -1149.86, -626.77, -669.12, -2.65, 3.23
1492481080.36,-602.00, -974.16, -799.00, -1090.45, -652.06, -635.59, -2.65, 3.23
1492481080.63,-615.15, -912.86, -764.71, -1054.33, -590.59, -660.88, -2.94, 3.23
1492481080.91,-606.00, -925.29, -742.14, -1044.18, -625.88, -653.53, -2.65, 3.23
1492481081.18,-639.72, -940.55, -800.43, -1132.54, -606.18, -748.24, -2.65, 3.23
1492481081.55,-679.43, -919.64, -849.29, -1171.65, -571.18, -794.41, -2.65, 2.94
1492481082.01,-684.86, -910.60, -807.57, -1121.80, -577.65, -763.83, -2.65, 3.23
1492481082.37,-678.29, -886.59, -751.00, -1048.06, -596.47, -745.30, -2.65, 3.53
1492481082.74,-663.15, -773.88, -635.00, -889.56, -610.59, -792.94, -2.65, 3.23
1492481083.01,-830.58, -480.09, -453.57, -654.93, -702.35, -950.59, -2.65, 3.23
1492481083.29,-940.00, -382.07, -324.43, -421.80, -732.35, -876.47, -2.65, 2.94
1492481083.66,-924.58, -352.97, -251.57, -268.96, -650.30, -814.41, -2.06, 4.12
1492481084.02,-940.86, -287.44, -203.57, -227.47, -459.41, -763.24, -1.77, 4.12
1492481084.29,-934.86, -215.97, -207.29, -241.80, -369.12, -738.83, -1.77, 4.12
1492481084.48,-862.00, -207.21, -253.86, -289.86, -299.12, -585.59, -2.65, 3.53
1492481084.66,-676.00, -263.43, -299.57, -286.87, -311.18, -439.41, -2.65, 3.23
1492481084.84,-545.43, -359.75, -284.71, -265.08, -307.65, -365.88, -2.65, 3.53
1492481085.03,-476.86, -392.52, -266.43, -239.71, -311.18, -343.24, -2.65, 3.53
1492481085.3,-449.15, -411.45, -231.86, -213.14, -367.94, -319.71, -2.65, 3.23
1492481085.76,-413.72, -426.70, -249.00, -307.77, -358.82, -298.24, -2.35, 3.53
1492481086.22,-440.29, -508.91, -353.29, -416.42, -372.06, -341.77, -2.65, 3.23
1492481086.67,-454.29, -479.25, -330.43, -360.60, -398.53, -338.53, -2.65, 3.23
1492481087.04,-413.15, -416.53, -311.57, -306.27, -350.59, -294.12, -2.65, 3.23
1492481087.32,-391.72, -366.82, -262.43, -237.62, -339.71, -307.94, -2.94, 3.53
1492481087.59,-387.72, -345.06, -235.57, -205.98, -398.82, -307.35, -2.65, 3.23
1492481087.96,-407.72, -322.75, -234.71, -224.48, -331.18, -318.53, -2.65, 3.53
1492481088.32,-447.43, -419.36, -276.14, -334.93, -350.59, -386.47, -2.65, 3.23
1492481088.69,-528.29, -470.49, -315.57, -381.20, -383.53, -429.41, -2.35, 3.53
1492481088.96,-537.72, -485.18, -327.00, -381.80, -391.47, -407.35, -2.65, 3.23
1492481089.24,-493.72, -453.26, -315.57, -350.15, -364.12, -363.83, -2.65, 3.23
1492481089.51,-446.29, -438.29, -300.43, -313.44, -361.77, -306.18, -2.65, 3.23
1492481089.78,-400.58, -424.73, -293.00, -283.89, -330.30, -277.35, -2.35, 3.23
1492481090.15,-377.72, -404.10, -266.71, -234.93, -324.71, -255.30, -2.65, 3.23
1492481090.61,-346.29, -383.20, -259.00, -213.74, -302.06, -231.18, -2.65, 3.23
1492481090.98,-392.86, -479.81, -309.29, -351.35, -372.94, -340.59, -2.65, 3.23
1492481091.25,-458.58, -530.94, -338.71, -406.57, -380.59, -351.77, -2.65, 3.23
1492481091.53,-430.58, -560.04, -349.29, -394.63, -359.71, -315.00, -2.65, 3.23
1492481091.8,-414.58, -517.66, -327.00, -357.62, -353.82, -297.35, -2.35, 3.53
1492481092.26,-403.72, -454.10, -319.57, -336.42, -310.30, -282.35, -2.65, 3.23
1492481092.72,-372.00, -464.27, -301.00, -371.35, -316.77, -193.83, -2.65, 3.23
1492481093.08,-339.43, -582.64, -665.29, -727.47, -298.82, -225.59, -2.35, 3.53
1492481093.36,-339.15, -820.49, -892.14, -1013.44, -410.88, -291.47, -2.65, 3.53
1492481093.63,-395.43, -1015.69, -1144.43, -1282.09, -529.41, -363.24, -2.35, 3.53
1492481093.99,-434.58, -1470.77, -1359.29, -1534.33, -743.53, -476.77, -2.65, 3.53
1492481094.45,-499.72, -1842.81, -1490.14, -1684.18, -946.77, -597.94, -2.35, 3.23
1492481094.82,-586.00, -1785.18, -1275.00, -1526.87, -920.59, -602.06, -2.65, 3.23
1492481095.09,-542.00, -1823.31, -1205.29, -1471.95, -910.88, -586.47, -2.65, 3.23
1492481095.37,-539.43, -1811.73, -1198.14, -1513.14, -836.18, -706.18, -2.94, 3.53
1492481095.64,-671.15, -1678.96, -1236.43, -1547.47, -792.94, -778.83, -2.65, 3.23
1492481095.92,-762.00, -1614.84, -1060.43, -1428.06, -786.77, -820.59, -2.65, 3.23
1492481096.19,-792.00, -1504.67, -977.57, -11522.39, -821.77, -771.18, -2.65, 3.23
1492481096.65,-725.43, -1341.39, -905.57, -1222.09, -726.47, -842.06, -2.35, 3.53
1492481097.11,-788.00, -1251.84, -814.71, -1127.17, -739.71, -800.30, -2.35, 3.23
1492481097.57,-750.29, -1177.83, -755.86, -1101.50, -701.77, -845.88, -2.35, 3.53
1492481097.93,-783.15, -1187.16, -835.57, -1197.92, -714.71, -969.41, -2.65, 3.23
1492481098.3,-866.86, -1083.77, -813.57, -1183.89, -660.00, -1013.53, -2.35, 3.53
1492481098.66,-876.58, -1076.70, -775.00, -1117.02, -644.71, -970.30, -2.65, 3.23
1492481099.12,-852.00, -1066.25, -736.71, -1077.62, -625.30, -943.24, -2.35, 3.23
1492481099.49,-852.00, -1023.88, -708.14, -1058.51, -597.35, -943.24, -2.65, 3.53
1492481099.85,-842.58, -997.61, -683.00, -1032.54, -620.59, -923.83, -2.65, 3.23
1492481100.13,-830.00, -973.31, -655.29, -996.72, -585.59, -909.12, -2.65, 3.23
1492481100.4,-814.00, -965.40, -626.14, -987.47, -658.24, -920.59, -2.35, 3.53
1492481100.86,-836.00, -1015.97, -755.57, -1135.23, -639.12, -1047.94, -2.35, 3.23
1492481101.32,-888.00, -949.87, -713.57, -1000.90, -726.77, -1076.18, -2.35, 3.53
1492481101.68,-989.43, -479.25, -485.86, -680.00, -721.77, -1057.06, -2.65, 3.53
1492481102.05,-977.72, -387.72, -291.00, -342.09, -752.06, -832.06, -2.35, 3.82
1492481102.32,-860.86, -342.52, -219.86, -232.84, -655.59, -799.12, -2.35, 3.2
1492481102.78,-764.29, -278.12, -164.71, -145.98, -480.00, -686.77, -2.06, 3.82
1492481103.15,-682.00, -247.61, -164.71, -169.56, -425.88, -676.77, -2.35, 3.53
1492481103.51,-652.58, -313.14, -247.00, -296.72, -417.06, -633.24, -2.35, 3.53
1492481103.88,-680.29, -449.02, -345.57, -429.56, -366.77, -535.59, -2.35, 3.23
1492481104.34,-600.86, -511.17, -308.43, -382.09, -374.12, -445.88, -2.65, 3.23
1492481104.71,-468.86, -325.57, -249.00, -258.21, -325.30, -390.88, -2.35, 3.23
1492481105.16,-345.72, -365.40, -267.00, -223.89, -301.18, -303.24, -2.65, 3.23
1492481105.62,-290.58, -361.17, -259.29, -235.53, -317.65, -322.65, -2.65, 3.23
1492481105.98,-346.00, -389.70, -274.14, -348.36, -338.82, -400.59, -2.35, 3.23
1492481106.35,-483.72, -431.79, -332.71, -454.03, -385.88, -510.59, -2.65, 3.23
1492481106.62,-564.58, -503.82, -365.00, -486.87, -422.06, -522.65, -2.65, 3.23
1492481106.99,-523.43, -444.78, -318.14, -374.63, -373.53, -402.65, -2.65, 3.23
1492481107.36,-415.72, -355.23, -281.57, -301.50, -340.88, -368.83, -2.65, 3.23
1492481107.82,-390.86, -313.43, -253.00, -234.93, -322.35, -366.18, -2.65, 2.94
1492481108.27,-390.29, -332.07, -233.00, -206.87, -284.12, -375.30, -2.65, 3.23
1492481108.73,-425.15, -361.17, -214.43, -192.54, -293.53, -467.65, -2.65, 3.23
1492481109.19,-544.86, -486.59, -173.29, -119.11, -331.18, -538.24, -2.65, 3.53
1492481109.64,-536.00, -598.17, -219.00, -333.14, -428.82, -715.88, -2.65, 3.23
1492481110.1,-826.86, -680.38, -460.14, -585.68, -358.24, -827.65, -2.65, 3.23
1492481110.47,-799.15, -519.36, -396.43, -452.24, -410.88, -570.88, -2.65, 3.53
1492481110.83,-611.15, -400.15, -315.57, -342.69, -371.77, -459.71, -2.65, 3.53
1492481111.2,-490.29, -327.27, -297.29, -260.00, -372.35, -403.83, -2.65, 3.23
1492481111.56,-403.15, -294.78, -300.71, -243.89, -311.18, -367.06, -2.65, 3.23
1492481111.92,-353.43, -279.53, -335.29, -265.68, -295.59, -339.41, -2.94, 3.23
1492481112.29,-366.29, -292.52, -339.57, -325.38, -350.88, -367.65, -2.65, 3.23
1492481112.74,-447.72, -395.35, -375.57, -425.08, -359.12, -457.94, -2.65, 3.53
1492481113.11,-520.58, -411.73, -392.14, -460.90, -399.41, -478.53, -2.65, 3.23
1492481113.56,-510.00, -388.57, -381.00, -433.74, -354.41, -447.65, -2.65, 3.53
1492481114.02,-462.86, -334.61, -346.43, -369.86, -336.47, -399.12, -2.65, 3.23
1492481114.38,-445.72, -271.90, -319.86, -314.33, -338.82, -377.94, -2.65, 3.53
1492481114.83,-415.72, -273.88, -313.29, -284.48, -315.88, -368.53, -2.65, 3.53
1492481115.2,-382.00, -263.43, -321.57, -293.74, -332.06, -380.59, -2.65, 3.53
1492481115.47,-453.15, -325.01, -345.57, -407.47, -378.82, -434.12, -2.65, 3.53
1492481115.74,-512.00, -382.35, -383.29, -473.44, -390.30, -490.59, -2.65, 3.23
1492481116.01,-541.43, -395.63, -401.57, -487.77, -388.53, -490.00, -2.65, 3.53
1492481116.29,-502.00, -357.78, -410.43, -459.71, -350.30, -434.41, -5160.00, 3.53
1492481116.65,-458.29, -327.55, -393.00, -417.32, -342.35, -400.59, -2.94, 3.53
1492481116.92,-434.29, -301.00, -358.71, -367.77, -332.94, -367.65, -2.65, 3.53
1492481117.2,-406.58, -288.57, -360.14, -346.27, -335.00, -357.94, -2.65, 3.53
1492481117.47,-389.43, -264.27, -343.29, -312.84, -314.71, -354.41, -2.65, 3.23
1492481117.74,-375.15, -262.58, -355.86, -313.14, -305.30, -345.00, -2.65, 3.23
1492481118.2,-362.29, -253.54, -384.71, -355.83, -288.53, -349.41, -2.94, 3.53
1492481118.65,-420.29, -297.32, -419.00, -444.18, -347.35, -439.41, -2.65, 3.53
1492481118.92,-472.86, -319.64, -419.57, -460.60, -345.00, -462.06, -2.65, 3.23
1492481119.2,-558.86, -329.81, -385.86, -445.98, -478.24, -632.65, -2.65, 3.23
1492481119.56,-936.58, -283.20, -307.57, -338.81, -614.71, -1135.00, -2.65, 3.23
1492481119.93,-1186.29, -348.74, -289.57, -271.35, -737.35, -1228.53, -2.65, 3.53
1492481120.29,-1146.29, -471.34, -281.86, -254.93, -997.35, -1527.06, -2.65, 3.53
1492481120.56,-1226.00, -606.93, -333.29, -294.63, -1258.24, -1807.35, -2.94, 3.53
1492481120.84,-1328.29, -738.85, -388.14, -334.93, -1329.71, -1941.77, -2.94, 3.23
1492481121.11,-1376.00, -723.88, -422.43, -377.02, -1238.82, -1945.00, -2.94, 3.23
1492481121.38,-1370.00, -706.65, -441.00, -414.93, -1281.47, -1867.65, -2.65, 3.23
1492481121.84,-1309.43, -693.09, -521.57, -491.95, -1173.24, -1681.18, -2.65, 3.53
1492481122.2,-1076.29, -719.08, -622.43, -541.80, -1136.18, -1496.47, -2.65, 3.53
1492481122.57,-949.43, -721.62, -611.00, -536.12, -1146.77, -1425.59, -2.94, 3.23
1492481122.84,-937.15, -832.35, -618.43, -552.24, -1185.88, -1439.12, -2.94, 3.23
1492481123.02,-970.86, -802.97, -620.43, -561.80, -1173.82, -1463.53, -2.94, 3.23
1492481123.39,-987.15, -773.31, -593.86, -563.89, -1179.71, -1468.24, -2.94, 3.23
1492481123.75,-1025.15, -744.22, -610.43, -595.83, -1182.94, -1516.47, -2.65, 3.23
1492481124.12,-1034.58, -716.82, -616.14, -609.56, -1203.53, -1558.24, -2.94, 3.23
1492481124.39,-1052.00, -747.32, -592.71, -605.38, -1235.88, -1527.94, -2.94, 3.23
1492481124.66,-1010.86, -728.68, -588.14, -608.06, -1172.35, -1396.47, -2.65, 3.23
1492481125.03,-924.58, -716.82, -545.86, -594.03, -1163.53, -1330.00, -2.65, 3.23
1492481125.4,-883.43, -701.00, -543.00, -593.44, -1147.35, -1263.53, -2.65, 3.53
1492481125.76,-835.15, -699.87, -528.14, -612.54, -1122.35, -1247.65, -2.65, 3.23
1492481126.21,-820.29, -726.99, -638.14, -687.47, -1127.94, -1343.83, -2.65, 3.53
1492481126.58,-912.58, -745.63, -605.00, -618.81, -1108.53, -1332.65, -2.94, 3.23
1492481127.03,-829.72, -830.66, -507.00, -503.59, -1089.12, -1144.41, -2.94, 3.23
1492481127.31,-753.72, -778.12, -442.71, -464.78, -1057.65, -1103.83, -2.94, 3.23
1492481127.58,-712.00, -747.32, -402.14, -445.68, -1051.77, -1043.83, -2.65, 3.23
1492481127.76,-661.43, -769.36, -400.43, -446.87, -1044.12, -986.18, -2.94, 3.23
1492481128.04,-669.72, -807.21, -406.71, -480.00, -1011.18, -1028.83, -2.94, 3.23
1492481128.4,-723.43, -765.12, -508.71, -569.26, -1027.35, -1216.18, -2.94, 2.94
1492481128.77,-823.43, -744.50, -651.86, -638.21, -1077.35, -1323.83, -2.65, 3.3
1492481129.13,-749.43, -769.08, -675.00, -628.06, -939.41, -1098.24, -2.65, 3.23
1492481129.5,-682.86, -741.68, -601.86, -585.68, -933.24, -1005.88, -2.65, 3.53
1492481129.86,-630.58, -712.30, -590.14, -591.65, -894.71, -937.94, -2.94, 3.23
1492481130.41,-589.43, -741.96, -597.00, -614.93, -880.59, -935.59, -2.94, 3.23
1492481130.86,-629.15, -765.12, -797.57, -750.45, -867.94, -1024.71, -2.65, 3.23
1492481131.23,-584.29, -742.24, -764.43, -715.83, -838.24, -928.24, -2.94, 3.53
1492481131.5,-580.29, -729.53, -693.29, -682.09, -850.59, -881.77, -2.94, 3.23
1492481131.69,-742.29, -522.47, -638.14, -714.33, -935.59, -1057.65, -2.65, 3.23
1492481131.96,-741.15, -718.51, -593.00, -703.29, -746.77, -969.41, -2.65, 3.23
1492481132.32,-571.15, -913.43, -738.14, -761.20, -802.06, -982.94, -2.65, 2.94
1492481132.69,-620.58, -867.66, -771.00, -793.44, -768.53, -980.00, -2.65, 3.23
1492481132.96,-493.15, -749.58, -972.43, -890.45, -430.88, -595.88, -2.65, 3.53
1492481133.24,-350.58, -688.00, -820.71, -762.99, -310.88, -312.35, -2.65, 3.53
1492481133.6,-244.58, -673.60, -693.29, -618.81, -292.94, -185.88, -2.65, 3.53
1492481133.97,-231.72, -578.12, -741.86, -733.74, -283.53, -206.47, -2.94, 3.53
1492481134.51,-318.29, -732.64, -906.43, -989.26, -337.65, -251.77, -2.65, 2.94
1492481134.97,-256.29, -459.75, -533.00, -466.27, -413.24, -248.53, -2.35, 3.53
1492481135.34,-217.72, -339.13, -365.86, -346.87, -402.65, -285.59, -2.65, 3.53
1492481135.7,-228.58, -237.16, -391.00, -416.42, -323.82, -286.47, -2.94, 3.23
1492481135.97,-278.29, -362.86, -381.57, -571.95, -331.47, -209.71, -2.65, 3.23
1492481136.25,-340.00, -410.04, -425.29, -676.72, -338.53, -295.00, -2.65, 3.23
1492481136.62,-423.72, -348.74, -542.14, -805.98, -318.82, -319.41, -2.65, 3.23
1492481137.07,-394.86, -301.56, -485.57, -647.77, -316.77, -222.06, -2.65, 3.23
1492481137.43,-339.72, -236.87, -427.00, -525.68, -284.12, -177.65, -2.65, 3.53
1492481137.8,-242.29, -209.19, -439.57, -444.18, -261.18, -140.59, -2.35, 3.53
1492481138.17,-206.58, -188.29, -393.57, -375.53, -252.06, -146.18, -2.65, 3.23
1492481138.62,-196.00, -191.11, -416.14, -477.92, -283.53, -164.12, -2.65, 3.23
1492481139.08,-275.43, -308.91, -446.71, -672.84, -351.18, -273.83, -2.65, 3.23
1492481139.35,-374.29, -365.69, -517.00, -741.20, -363.24, -293.53, -2.65, 3.53
1492481139.72,-353.72, -336.87, -494.14, -646.27, -344.71, -226.77, -2.35, 3.53
1492481139.99,-293.43, -274.73, -471.57, -586.27, -308.53, -188.83, -2.65, 3.53
1492481140.27,-261.43, -250.71, -446.43, -517.92, -300.59, -157.94, -2.94, 3.23
1492481140.63,-223.43, -238.29, -423.86, -448.66, -279.71, -144.12, -2.94, 3.82
1492481141.09,-203.43, -213.43, -419.57, -396.12, -252.35, -141.18, -2.35, 3.53
1492481141.54,-186.58, -242.24, -421.00, -458.51, -291.77, -161.47, -2.65, 3.53
1492481141.91,-265.15, -315.40, -465.57, -612.24, -320.59, -231.18, -2.65, 3.53
1492481142.37,-343.43, -350.43, -490.43, -665.68, -341.47, -254.12, -2.65, 3.82
1492481142.82,-311.72, -301.00, -461.86, -561.50, -308.82, -177.06, -2.65, 3.53
1492481143.19,-249.43, -269.92, -427.57, -476.42, -300.59, -149.12, -2.65, 3.23
1492481143.55,-218.86, -252.69, -425.57, -417.32, -259.41, -142.35, -2.65, 3.82
1492481143.83,-198.00, -219.36, -409.57, -368.66, -253.24, -146.47, -2.94, 3.82
1492481144.19,-192.00, -214.84, -423.57, -383.89, -238.24, -136.47, -2.35, 3.53
1492481144.47,-226.58, -248.45, -431.29, -486.27, -260.88, -221.47, -2.65, 3.53
1492481144.74,-402.58, -207.49, -424.14, -545.68, -308.82, -456.77, -2.65, 3.53
1492481145.2,-798.58, -230.66, -368.14, -466.27, -541.18, -883.24, -2.65, 3.53
1492481145.75,-1097.15, -402.97, -286.43, -328.66, -869.12, -1217.94, -2.94, 3.82
1492481146.2,-1235.43, -634.61, -361.57, -349.86, -1168.53, -1629.71, -2.35, 3.53
1492481146.57,-1421.15, -759.19, -403.00, -367.77, -1367.94, -1757.06, -2.35, 3.53
1492481147.03,-1362.29, -900.43, -429.57, -398.81, -1319.41, -1638.24, -2.65, 3.23
1492481147.48,-1167.43, -831.79, -537.00, -461.50, -1207.65, -1440.30, -3.24, 3.53
1492481147.94,-1024.00, -981.22, -656.43, -514.33, -1376.77, -1504.12, -2.65, 3.53
1492481148.3,-1078.00, -1069.08, -493.57, -440.60, -1394.41, -1230.30, -2.94, 3.53
1492481148.58,-894.86, -1032.64, -481.29, -476.12, -1257.94, -1071.77, -2.65, 3.53
1492481148.85,-830.58, -1026.99, -512.43, -494.03, -1203.82, -1081.18, -2.94, 3.53
1492481149.31,-881.72, -975.29, -568.14, -569.86, -1246.18, -1215.30, -2.65, 3.82
1492481149.76,-842.29, -932.35, -616.14, -584.18, -1174.71, -1005.59, -2.94, 3.53
1492481150.13,-735.15, -906.36, -563.00, -584.18, -1105.00, -885.59, -2.65, 3.53
1492481150.5,-683.72, -868.79, -521.00, -563.59, -1140.00, -868.83, -2.65, 3.23
1492481150.96,-653.72, -838.29, -496.43, -546.57, -1143.24, -789.12, -2.65, 3.82
1492481151.41,-621.43, -865.40, -465.00, -520.60, -1187.65, -754.71, -2.65, 3.53
1492481151.87,-654.58, -860.60, -517.00, -563.29, -1225.88, -1041.47, -2.65, 3.53
1492481152.32,-867.72, -875.01, -599.29, -550.45, -1342.65, -1302.06, -2.65, 3.53
1492481152.78,-927.43, -879.53, -603.29, -540.00, -1348.82, -1243.83, -2.65, 3.23
1492481153.14,-821.43, -852.41, -632.71, -576.42, -1282.94, -1071.18, -2.65, 3.53
1492481153.6,-744.86, -789.42, -594.14, -597.92, -1178.53, -905.88, -2.94, 3.53
1492481153.88,-648.58, -697.04, -569.29, -576.72, -1075.00, -764.41, -2.65, 3.53
1492481154.15,-591.43, -723.31, -519.86, -560.60, -1010.59, -716.47, -2.65, 3.53
1492481154.52,-562.29, -676.99, -531.00, -568.96, -983.82, -695.88, -2.65, 3.53
1492481154.79,-564.86, -650.43, -506.14, -571.65, -981.77, -719.71, -2.65, 3.53
1492481154.97,-607.15, -610.04, -503.29, -589.56, -1018.82, -745.30, -2.65, 3.53
1492481155.16,-624.00, -647.61, -540.71, -611.35, -1017.06, -781.77, -2.94, 3.23
1492481155.43,-596.00, -656.93, -725.57, -873.14, -759.12, -692.65, -2.65, 3.53
1492481155.7,-14084.00, -569.64, -1103.57, -1097.02, -472.65, -463.53, -2.65, 3.53
1492481156.16,-411.15, -698.74, -946.71, -901.80, -336.18, -260.59, -2.94, 3.53
1492481156.62,-282.86, -658.62, -810.71, -706.57, -329.41, -190.88, -2.65, 3.53
1492481156.98,-192.29, -659.19, -603.57, -552.84, -322.35, -158.83, -2.65, 3.82
1492481157.35,-169.72, -353.82, -517.57, -535.23, -280.88, -139.41, -2.65, 3.23
1492481157.62,-217.72, -314.56, -510.71, -653.74, -280.59, -196.77, -2.65, 3.53
1492481157.99,-308.00, -341.96, -511.86, -743.89, -269.12, -198.83, -2.65, 3.53
1492481158.36,-360.58, -301.28, -579.00, -843.89, -189.71, -249.12, -2.65, 3.53
1492481158.72,-331.72, -311.45, -553.29, -745.98, -172.65, -178.24, -2.94, 3.82
1492481159.09,-266.86, -303.26, -507.86, -586.27, -155.30, -140.30, -2.65, 3.53
1492481159.36,-217.15, -287.16, -461.00, -493.14, -142.94, -122.94, -2.65, 3.53
1492481159.82,-196.00, -258.34, -446.14, -457.02, -137.94, -134.71, -2.65, 3.53
1492481160.18,-186.29, -234.61, -460.71, -519.71, -140.88, -133.83, -2.35, 3.53
1492481160.55,-231.43, -348.45, -497.86, -653.44, -195.00, -221.77, -2.94, 3.53
1492481160.82,-417.15, -461.73, -501.86, -710.15, -225.00, -324.12, -2.65, 3.53
1492481161.0,-1012.86, -502.69, -526.43, -765.98, -252.06, -370.30, -2.65, 3.53
1492481161.28,-539.72, -600.15, -469.86, -679.41, -290.30, -404.12, -2.65, 3.23
1492481161.55,-560.86, -621.34, -436.14, -545.98, -283.82, -385.88, -2.94, 3.53
1492481161.92,-468.29, -423.31, -434.14, -466.87, -321.18, -259.71, -2.65, 3.23
1492481162.28,-393.72, -269.36, -378.43, -358.51, -281.77, -222.35, -2.35, 3.82
1492481162.65,-291.15, -230.66, -380.43, -334.03, -277.94, -155.59, -2.65, 3.53
1492481163.11,-236.86, -195.63, -392.14, -336.72, -241.18, -150.88, -2.35, 3.23
1492481163.47,-224.29, -183.20, -400.71, -368.66, -257.06, -146.18, -2.94, 3.53
1492481163.75,-224.58, -228.68, -425.00, -471.35, -302.06, -154.12, -2.65, 3.53
1492481164.11,-288.86, -262.58, -448.43, -573.44, -346.77, -228.24, -2.65, 3.53
1492481164.48,-367.72, -308.62, -470.43, -630.75, -390.00, -272.94, -2.35, 3.53
1492481164.84,-389.15, -326.14, -463.00, -617.92, -360.59, -255.00, -2.94, 3.53
1492481165.12,-358.00, -282.92, -457.86, -591.35, -343.24, -228.53, -2.65, 3.53
1492481165.39,-331.15, -268.51, -433.86, -549.26, -341.18, -210.00, -2.94, 3.53
1492481165.67,-319.15, -233.48, -418.71, -518.21, -324.41, -201.77, -2.65, 3.53
1492481165.85,-312.00, -225.86, -415.86, -491.35, -321.18, -193.83, -2.65, 3.53
1492481166.12,-308.58, -220.77, -403.57, -453.44, -308.53, -192.35, -2.65, 3.53
1492481166.49,-286.86, -206.65, -402.43, -525.08, -176.18, -251.47, -2.65, 3.53
1492481166.95,-374.29, -195.35, -557.57, -960.30, -81.77, -239.41, -2.65, 3.53
