1492408809.45,8, .18, -152.94, -157.65
1492408809.45,-1016.58, -16.82, -622.43, -1454.03, 9.12, -524.71, -138.82, -119.41
1492408809.45,-962.00, 12.28, -633.57, -1324.18, .18, -152.94, -157.65
1492408809.45,-1016.58, -16.82, -622.43, -1454.03, 9.12, -524.71, -138.82, -119.41
1492408810.47,-962.00, 12.28, -633.57, -1324.18, -875.15, 39.12, -653.29, -498.21, -66.77, -332.06, -437.94, -401.18
1492408810.74,-636.58, 43.92, -647.29, -372.24, -116.47, -249.71, -454.12, -385.00
1492408811.02,-517.15, 27.82, -568.14, -322.39, -107.35, -227.06, -427.06, -360.00
1492408811.39,-566.00, 43.92, -484.43, -348.06, -65.00, -235.59, -472.06, -387.94
1492408811.75,-652.58, 41.38, -529.57, -512.24, -39.71, -263.24, -460.88, -388.24
1492408812.11,-680.86, 49.57, -530.43, -491.35, -29.12, -215.30, -492.94, -396.47
1492408812.48,-643.43, 44.77, -451.86, -493.44, -27.65, -199.71, -465.88, -390.88
1492408812.85,-663.72, 38.55, -428.43, -482.99, -30.00, -218.83, -445.30, -383.53
1492408813.21,-705.43, 42.22, -449.57, -513.44, -24.71, -209.41, -478.24, -405.30
1492408813.58,-784.58, 29.79, -448.71, -612.54, -63.24, -258.83, -443.53, -397.65
1492408813.86,-954.58, 19.62, -456.43, -600.30, -68.53, -251.18, -460.88, -381.77
1492408814.04,-799.43, 34.88, -437.00, -455.53, -40.88, -223.83, -452.35, -375.30
1492408814.22,-746.86, 55.78, -402.43, -399.71, -28.24, -215.59, -422.06, -368.53
1492408814.4,-740.58, 68.49, -397.86, -378.51, -17.35, -225.59, -375.88, -367.06
1492408814.58,-630.29, 34.88, -426.43, -389.26, -2.06, -234.12, -195.00, -179.41
1492408814.86,-496.86, -32.64, -437.86, -328.06, -39.41, -238.24, -28.24, -36.18
1492408815.13,-369.72, -647.32, -386.14, -188.66, -553.53, -279.12, 32.35, 1.47
1492408815.5,-431.15, -1696.48, -583.29, -260.60, -1076.77, -333.24, 41.76, -5.88
1492408815.87,-452.86, -2174.73, -693.00, -216.12, -1157.65, -409.12, 29.12, -11.77
1492408816.23,-556.00, -1798.74, -645.29, -190.15, -1209.12, -377.65, 11.76, -25.30
1492408816.69,-413.72, -1398.45, -612.43, -190.45, -1231.77, -337.94, 61.47, -7.35
1492408817.05,-310.00, -1316.82, -772.14, -326.57, -1169.41, -380.59, 40.29, -107.35
1492408817.42,-328.29, -1143.94, -718.43, -449.26, -997.94, -366.47, 28.82, -15.00
1492408817.79,-401.15, -1071.05, -737.86, -687.47, -787.35, -295.59, -15.88, -38.53
1492408818.06,-564.00, -564.84, -792.71, -1371.05, -241.18, -307.06, -403.24, -549.71
1492408818.43,-1118.86, -132.92, -838.14, -1726.87, -159.12, -319.12, -774.12, -811.18
1492408818.7,-1193.72, 6.35, -693.29, -1552.24, -72.06, -455.30, -557.65, -690.30
1492408818.98,-1158.58, 4.09, -699.86, -1703.89, -116.77, -422.35, -818.53, -837.65
1492408819.25,-1196.00, -18.51, -689.57, -1883.29, -185.00, -480.00, -991.18, -995.00
1492408819.52,-1321.72, -54.95, -706.43, -1753.74, -242.06, -489.12, -722.35, -817.94
1492408819.8,-1124.86, -46.76, -683.86, -1592.54, -157.35, -386.77, -686.77, -811.18
1492408820.16,-950.86, -13.43, -706.43, -1600.00, -134.71, -371.47, -821.18, -784.41
1492408820.62,-1076.58, 8.04, -709.86, -1668.36, -97.65, -415.59, -728.24, -869.71
1492408820.99,-974.29, 4.37, -730.43, -1940.00, -207.35, -425.00, -1162.65, -1115.59
1492408821.36,-1179.15, 7.76, -810.43, -2110.45, -209.41, -480.00, -1092.65, -1144.41
1492408821.81,-1172.29, -6.65, -805.29, -1999.11, -183.24, -430.30, -1001.18, -967.65
1492408822.17,-1104.29, 6.91, -849.57, -2060.30, -117.65, -419.71, -1082.65, -975.30
1492408822.54,-1148.86, 15.10, -849.57, -2068.96, -79.41, -446.77, -1041.77, -955.00
1492408822.82,-1136.00, 16.23, -829.00, -2049.56, -74.41, -435.88, -1065.30, -966.47
1492408823.09,-1099.15, 17.65, -815.00, -1894.33, -46.18, -405.30, -914.41, -832.65
1492408823.46,-777.72, 19.34, -715.29, -1384.78, -13.24, -371.47, -600.59, -662.06
1492408823.82,-594.00, 11.43, -601.29, -1154.63, -29.71, -306.47, -640.00, -677.94
1492408824.19,-575.72, 15.10, -621.00, -1220.00, -14.41, -301.77, -847.06, -833.24
1492408824.55,-814.29, 15.39, -697.29, -1501.80, -60.59, -341.18, -934.41, -866.77
1492408824.92,-933.72, 11.43, -716.14, -1671.35, -77.35, -383.53, -994.71, -924.12
1492408825.29,-1023.15, 13.41, -758.71, -1714.03, -62.06, -378.83, -990.59, -933.53
1492408825.65,-960.00, 16.80, -727.00, -1582.69, -62.94, -348.83, -988.82, -914.41
1492408825.93,-870.29, 16.52, -721.86, -1507.17, -63.82, -325.59, -909.41, -877.65
1492408826.55,-598.86, 13.13, -557.00, -1226.87, -135.59, -372.65, -723.24, -811.47
1492408826.91,-936.86, -1.56, -501.57, -1566.27, -200.88, -416.77, -999.41, -930.30
1492408827.28,-1116.00, 0.98, -670.14, -1813.44, -191.77, -431.47, -1186.47, -1079.41
1492408827.65,-1143.15, 13.13, -815.00, -1972.84, -122.35, -452.65, -1121.77, -1000.59
1492408828.01,-1109.72, 15.67, -813.86, -1859.71, -82.35, -401.77, -1102.65, -990.00
1492408828.38,-1034.29, 16.52, -776.43, -1710.75, -55.59, -387.06, -1017.06, -939.41
1492408828.83,-1030.58, 15.10, -768.43, -1763.29, -59.41, -419.71, -1026.18, -945.30
1492408829.29,-1073.15, 15.10, -763.57, -1752.84, -60.30, -409.71, -1042.35, -962.94
1492408829.66,-1043.72, 16.52, -755.86, -1759.41, -65.30, -416.47, -1054.71, -973.24
1492408829.93,-1079.72, 16.52, -768.14, -1794.33, -51.77, -434.12, -1051.77, -968.53
1492408830.21,-1077.15, 17.36, -771.00, -1779.11, -48.24, -422.06, -1070.00, -975.30
1492408830.57,-1048.29, 17.93, -771.86, -1761.50, -42.65, -412.06, -1065.30, -964.71
1492408831.03,-1005.43, 18.21, -754.43, -1673.14, -37.35, -392.06, -1112.35, -994.41
1492408831.39,-1059.43, 17.93, -757.29, -1727.17, -61.77, -413.83, -1090.00, -996.18
1492408831.67,-1106.58, 13.69, -764.14, -1768.96, -79.71, -411.47, -1084.71, -996.77
1492408831.94,-1071.15, 14.82, -768.43, -1743.59, -82.06, -387.94, -1142.65, -1077.35
1492408832.31,-1030.00, 18.49, -788.71, -1838.51, -141.18, -381.47, -1474.41, -1342.65
1492408832.58,-1028.58, 20.75, -804.14, -1947.17, -106.47, -423.83, -1535.88, -1363.24
1492408833.04,-1067.15, 19.34, -835.57, -2035.53, -107.94, -434.12, -1434.71, -1294.41
1492408833.5,-1006.29, 20.75, -816.71, -1818.81, -47.94, -385.00, -1351.18, -1222.65
1492408833.96,-900.29, 20.47, -774.43, -1707.17, -46.47, -370.59, -1341.47, -1219.71
1492408834.32,-966.29, 19.62, -780.71, -1805.68, -52.65, -399.71, -1360.00, -1209.41
1492408834.69,-1028.86, 18.49, -793.57, -1857.02, -65.59, -409.71, -1360.59, -1210.88
1492408835.14,-982.86, 19.34, -787.57, -1818.51, -43.24, -393.24, -1363.82, -1222.65
1492408835.6,-981.43, 20.47, -782.43, -1773.14, -26.18, -383.83, -1258.53, -1156.47
1492408836.06,-802.86, 21.88, -781.86, -1573.14, -3.82, -369.12, -1184.12, -1105.00
1492408836.34,-751.15, 20.19, -758.43, -1532.24, -8.82, -351.18, -1264.71, -1129.41
1492408836.61,-858.00, 18.49, -776.43, -1695.23, -19.71, -377.65, -1305.30, -1151.18
1492408836.88,-955.72, 17.93, -792.43, -1793.74, -26.77, -407.06, -1310.00, -1157.94
1492408837.34,-988.86, 17.08, -810.43, -1812.24, -30.59, -416.18, -1297.94, -1148.24
1492408837.8,-989.43, 18.78, -792.43, -1731.05, -20.30, -387.65, -1280.59, -1121.18
1492408838.16,-920.29, 21.04, -771.57, -1598.51, -4.12, -380.00, -1155.88, -1030.00
1492408838.53,-763.15, 21.88, -740.71, -1420.00, 0.88, -381.47, -1152.65, -995.59
1492408838.99,-802.00, 21.88, -740.43, -1527.17, 1.76, -393.24, -1098.82, -950.88
1492408839.53,-852.86, 20.19, -743.86, -1631.05, -6.47, -434.41, -1171.77, -1018.83
1492408839.9,-1022.58, 17.08, -768.71, -1622.39, -12.06, -397.94, -1154.41, -1013.24
1492408840.27,-917.15, 19.34, -764.43, -1504.48, -6.47, -367.65, -1120.88, -986.18
1492408840.54,-846.29, 19.62, -738.71, -1409.56, -4.12, -361.77, -1137.06, -992.06
1492408840.91,-826.29, 20.19, -739.57, -1365.38, -0.30, -358.83, -1112.35, -979.71
1492408841.27,-790.29, 20.19, -724.71, -1329.56, 0.29, -351.77, -1132.06, -992.35
1492408841.73,-797.43, 18.49, -730.71, -1477.62, -6.77, -381.18, -1178.53, -1048.53
1492408842.09,-964.58, 16.52, -735.86, -1560.60, -15.59, -392.35, -1225.59, -1085.30
1492408842.55,-948.00, 15.67, -740.71, -1577.92, -18.24, -383.83, -1230.59, -1077.06
1492408842.92,-922.86, 17.08, -737.00, -1544.48, -15.59, -366.47, -1217.65, -1074.71
1492408843.29,-889.15, 17.36, -737.57, -1514.03, -15.88, -353.24, -1223.82, -1075.00
1492408843.65,-895.15, 18.21, -739.86, -1563.29, -19.71, -372.65, -1274.71, -1114.41
1492408844.11,-966.86, 17.08, -768.43, -1707.77, -47.06, -369.71, -1764.41, -1622.94
1492408844.56,-907.43, 22.73, -837.29, -2017.62, -50.88, -391.18, -1739.41, -1530.30
1492408844.93,-831.72, 22.73, -767.57, -1677.62, -40.88, -343.83, -1575.00, -1424.12
1492408845.3,-806.00, 21.04, -772.14, -1657.32, -25.88, -348.24, -1583.82, -1451.18
1492408845.94,-916.29, 19.91, -798.14, -1714.63, -110.00, -460.59, -1557.06, -1454.12
1492408846.4,-972.86, 17.65, -938.71, -1639.11, -107.06, -410.88, -1534.71, -1388.83
1492408846.85,-882.58, 19.62, -817.57, -1474.03, -52.65, -372.06, -1498.53, -1348.24
1492408847.12,-847.72, 19.34, -627.00, -1357.32, -33.24, -360.00, -1452.65, -1339.12
1492408847.4,-798.00, 18.21, -639.86, -1328.36, -28.53, -342.35, -1439.12, -1332.65
1492408847.95,-735.72, 19.06, -635.00, -1392.84, -34.71, -255.88, -1557.06, -1452.35
1492408848.22,-901.43, 18.78, -698.14, -1774.33, -170.30, -264.12, -1963.82, -2022.06
1492408848.5,-1012.58, 22.45, -797.00, -2234.63, -130.88, -367.35, -2754.71, -2439.41
1492408848.77,-1023.43, 38.83, -977.29, -2784.48, -7.94, -413.53, -3282.06, -2682.06
1492408849.05,-1181.72, 46.18, -1121.29, -3280.00, 12.35, -511.47, -3124.71, -2513.53
1492408849.41,-1442.58, 34.31, -992.71, -2364.48, 10.59, -529.41, -1775.30, -1382.65
1492408849.87,-1014.29, 35.44, -742.14, -1056.72, -16.18, -350.88, -1247.06, -1013.24
1492408850.24,-766.29, 32.90, -492.14, -1031.65, -2.65, -349.71, -1297.06, -1079.41
1492408850.6,-958.00, 45.90, -631.29, -1519.41, -7.94, -365.30, -1321.77, -1190.00
1492408850.97,-1108.00, 39.96, -592.43, -1126.87, -6.18, -378.53, -861.47, -719.71
1492408851.33,-895.72, 40.81, -541.29, -824.48, -0.30, -366.18, -733.82, -651.47
1492408851.61,-833.72, 64.82, -546.14, -737.32, -0.00, -359.41, -708.24, -639.41
1492408851.97,-824.58, 60.30, -505.57, -667.47, -3.24, -353.53, -728.24, -644.12
1492408852.25,-820.29, 58.32, -482.43, -648.06, -2.35, -364.71, -730.88, -643.53
1492408852.52,-828.29, 56.63, -491.00, -700.90, -3.82, -355.00, -757.94, -656.18
1492408852.89,-839.15, 39.96, -507.00, -822.09, -7.94, -371.77, -778.24, -681.77
1492408853.25,-955.15, 26.97, -529.00, -922.69, -15.59, -399.41, -806.47, -707.35
1492408853.62,-1023.15, 23.58, -515.29, -929.56, -16.47, -398.53, -811.47, -695.30
1492408853.9,-992.86, 34.60, -521.00, -882.09, -11.77, -379.71, -788.82, -675.59
1492408854.17,-920.00, 37.70, -505.86, -811.05, -8.82, -366.77, -792.35, -652.65
1492408854.53,-897.43, 47.31, -515.00, -781.50, -3.24, -352.06, -769.71, -638.53
1492408854.9,-835.15, 67.65, -510.43, -712.24, 2.65, -370.88, -750.88, -642.06
1492408855.26,-848.86, 73.01, -528.43, -714.93, 3.82, -371.18, -750.88, -639.12
1492408855.63,-849.43, 60.58, -508.71, -766.27, -1.47, -382.06, -789.12, -674.71
1492408855.91,-976.86, 38.83, -531.86, -894.63, -3.24, -404.12, -788.53, -700.88
1492408856.36,-1021.43, 33.18, -523.57, -885.08, -6.77, -412.94, -641.18, -617.35
1492408856.73,-983.15, 24.43, -530.43, -794.03, 4.12, -391.77, -356.77, -318.53
1492408857.09,-961.43, 11.15, -499.57, -487.47, 4.41, -403.53, -26.47, -21.18
1492408857.46,-762.29, -22.47, -477.86, -258.81, -175.88, -297.65, -3.24, -10.88
1492408857.83,-647.43, -451.00, -517.57, -265.38, -567.65, -275.30, 8.23, -10.88
1492408858.1,-940.29, -1035.46, -577.00, -390.75, -779.71, -262.35, 7.94, -13.24
1492408858.38,-1210.86, -1134.05, -606.14, -501.50, -821.77, -344.41, 7.06, -13.53
1492408858.65,-1278.00, -961.73, -579.57, -488.66, -794.12, -332.94, 6.47, -12.94
1492408858.93,-1135.72, -836.87, -579.29, -442.39, -692.35, -317.35, 6.47, -13.24
1492408859.2,-1062.00, -747.61, -560.43, -396.42, -641.77, -305.30, 6.18, -12.94
1492408859.47,-975.43, -702.69, -552.71, -367.17, -595.30, -311.47, 6.18, -13.53
1492408859.84,-977.43, -646.19, -532.71, -346.57, -573.82, -302.94, 5.88, -13.53
1492408860.2,-873.43, -545.63, -517.86, -283.89, -470.00, -297.35, 5.29, -14.41
1492408860.66,-586.00, -404.67, -470.43, -182.39, -404.12, -298.83, 5.29, -13.83
1492408861.03,-592.00, -391.96, -485.29, -202.09, -400.59, -304.71, 5.00, -14.71
1492408861.49,-686.58, -451.00, -495.57, -313.14, -462.65, -318.24, 5.00, -15.30
1492408861.85,-833.72, -477.55, -518.43, -382.39, -505.88, -346.77, 5.00, -228.24
1492408862.12,-799.72, -475.01, -508.71, -349.86, -499.12, -325.88, 4.41, -15.00
1492408862.31,-748.58, -428.40, -506.43, -322.99, -462.94, -312.06, 4.70, -14.41
1492408862.58,-732.29, -413.71, -506.71, -303.89, -426.47, -307.65, 4.41, -15.30
1492408862.86,-722.29, -377.27, -507.86, -284.78, -395.30, -311.47, 4.70, -15.30
1492408863.22,-690.58, -352.97, -514.43, -262.39, -377.35, -311.18, 4.41, -15.88
1492408863.59,-642.58, -331.22, -512.43, -240.00, -392.65, -307.65, 4.70, -15.00
1492408863.96,-629.15, -349.58, -511.00, -285.68, -411.77, -313.83, 4.12, -15.88
1492408864.32,-746.86, -372.47, -532.43, -361.80, -493.24, -345.59, 4.70, -15.30
1492408864.68,-855.15, -424.73, -546.43, -389.86, -526.77, -348.24, 4.41, -15.30
1492408865.14,-809.15, -438.00, -537.29, -360.60, -464.12, -325.88, 4.12, -14.41
1492408865.51,-758.86, -371.05, -540.43, -333.44, -412.06, -304.12, 3.82, -17.06
1492408865.87,-671.72, -255.23, -610.71, -641.80, -284.12, -282.94, -21.18, -45.59
1492408866.15,-667.72, -109.75, -639.29, -1029.26, -71.47, -291.18, -363.53, -449.12
1492408866.52,-794.29, -48.45, -773.57, -1605.98, -209.12, -363.53, -715.88, -749.41
1492408866.88,-1003.72, -74.73, -751.00, -1609.26, -286.77, -416.77, -676.77, -703.83
1492408867.24,-946.86, -50.15, -697.86, -1603.89, -296.77, -380.59, -933.53, -942.06
1492408867.61,-929.15, -11.73, -760.14, -1776.42, -236.18, -419.71, -959.71, -948.24
1492408867.98,-923.43, -7.78, -752.43, -1744.48, -221.47, -397.65, -927.35, -932.35
1492408868.44,-872.58, -0.43, -721.86, -1655.23, -185.59, -373.83, -850.59, -875.00
1492408868.99,-852.29, -11.45, -947.29, -1464.18, -199.41, -415.88, -772.35, -805.59
1492408869.26,-799.15, -9.19, -821.86, -1332.84, -172.94, -400.59, -754.71, -796.47
1492408869.53,-820.58, -12.86, -828.71, -1411.65, -204.12, -411.77, -788.53, -824.71
1492408869.8,-860.58, -35.46, -863.29, -1473.14, -285.30, -428.53, -820.00, -829.12
1492408870.17,-863.15, -39.98, -857.57, -1401.50, -287.06, -403.83, -805.00, -798.83
1492408870.45,-734.00, -23.88, -844.71, -1334.63, -247.06, -376.47, -776.47, -777.94
1492408870.72,-704.00, -19.08, -837.57, -1256.42, -200.59, -357.06, -777.65, -767.94
1492408871.09,-678.29, -8.34, -823.57, -1232.54, -186.18, -369.12, -855.30, -849.71
1492408871.45,-783.15, -0.71, -880.14, -1501.50, -275.30, -429.71, -966.47, -941.77
1492408871.91,-910.86, 5.78, -879.57, -1639.11, -341.47, -443.83, -1399.12, -1418.53
1492408872.37,-845.15, 21.60, -965.00, -2032.84, -513.24, -402.94, -2326.77, -2642.06
1492408872.82,-955.72, 30.36, -1405.00, -3064.18, -134.12, -526.18, -3465.88, -2741.47
1492408873.28,-1244.00, 108.89, -1322.43, -2885.08, -1.18, -447.65, -2194.71, -1805.88
1492408873.65,-999.15, 31.21, -1049.57, -1776.72, -15.59, -494.41, -1628.24, -1302.06
1492408874.01,-771.72, 24.71, -921.57, -1171.05, -61.18, -411.18, -1306.77, -1051.18
1492408874.29,-511.15, 23.30, -791.00, -983.29, -49.71, -463.53, -1175.88, -944.41
1492408874.56,-474.29, 38.55, -706.43, -904.18, -51.18, -582.35, -1088.53, -895.88
1492408874.83,-200.00, 31.49, -711.29, -1117.32, -45.88, -881.18, -870.88, -756.77
1492408875.2,-20.29, 30.08, -981.29, -1765.68, -68.53, -1112.94, -792.65, -662.65
1492408875.57,-128.86, 82.34, -697.29, -1021.20, -16.47, -528.53, -1023.82, -841.18
1492408875.93,-101.72, 13.13, -868.43, -1854.93, -39.41, -1131.18, -678.24, -491.18
1492408876.3,-4.58, 8.04, -1033.29, -1271.05, -99.12, -440.30, -787.06, -645.59
1492408876.67,-332.29, 40.25, -608.71, -1097.92, -8.82, -436.47, -1011.47, -794.41
1492408877.12,-703.15, 25.27, -481.29, -964.48, -54.71, -401.47, -899.71, -714.12
1492408877.67,-481.43, 46.74, -445.00, -781.20, -21.47, -372.06, -849.71, -679.12
1492408878.04,-351.72, 33.75, -404.43, -689.56, -38.82, -345.30, -839.41, -695.59
1492408878.31,-416.29, 47.03, -417.86, -799.41, -18.53, -365.59, -908.24, -724.12
1492408878.68,-482.86, 26.97, -448.43, -948.06, -40.30, -364.41, -920.00, -735.00
1492408879.04,-547.43, 17.93, -461.00, -1039.71, -64.71, -379.12, -929.41, -742.94
1492408879.41,-499.43, 32.90, -456.14, -940.30, -32.35, -356.18, -894.41, -705.59
1492408879.87,-406.86, 49.57, -464.43, -833.44, -14.12, -362.65, -565.88, -312.65
1492408880.23,-522.58, 9.17, -438.14, -384.18, -82.65, -385.88, 2.65, -0.00
1492408880.6,-473.43, -302.41, -577.57, -337.92, -713.24, -475.30, 5.59, -13.24
1492408880.96,-514.86, -1002.13, -348.43, -132.24, -1277.35, -446.77, 6.47, -13.24
1492408881.33,-304.58, -928.96, -289.86, -86.27, -1321.47, -442.65, 3.82, -16.47
1492408881.79,-257.15, -753.54, -401.00, -256.12, -603.82, -249.41, 3.53, -12.65
1492408882.25,-422.58, -1093.37, -735.29, -570.45, -740.88, -196.47, 4.12, -17.06
1492408882.61,-519.15, -1423.88, -840.14, -705.38, -803.24, -211.18, 4.41, -17.35
1492408882.97,-609.15, -1074.16, -718.71, -613.44, -511.18, -269.71, 3.82, -18.53
1492408883.34,-534.58, -814.27, -661.57, -494.03, -442.35, -299.12, 3.82, -19.71
1492408883.89,-519.15, -666.25, -626.71, -429.86, -321.18, -312.65, 3.53, -21.18
1492408884.35,-392.58, -609.47, -635.57, -388.36, -334.71, -275.30, 0.29, -31.18
1492408884.72,-353.15, -280.66, -821.00, -1076.12, -56.77, -279.71, -142.35, -198.53
1492408885.08,-602.00, -75.29, -977.00, -2034.33, -147.06, -378.83, -1155.00, -1265.00
1492408885.54,-830.00, -44.50, -925.00, -1945.38, -189.12, -411.47, -900.30, -887.35
1492408886.08,-776.00, -18.79, -813.29, -1688.66, -114.12, -395.30, -848.82, -825.88
1492408886.45,-658.86, 3.24, -812.43, -1607.47, -92.06, -389.71, -819.71, -777.65
1492408886.63,-600.86, 7.19, -776.14, -1453.74, -74.12, -382.65, -775.88, -738.83
1492408886.82,-556.86, 7.19, -757.57, -1354.33, -66.18, -371.18, -753.82, -716.47
1492408887.0,-514.58, 8.04, -731.57, -1288.06, -58.24, -365.30, -750.30, -707.35
1492408887.28,-476.00, 9.17, -719.29, -1269.86, -47.06, -357.06, -794.71, -751.47
1492408887.55,-487.15, 10.87, -751.57, -1338.81, -52.06, -353.53, -817.94, -799.71
1492408887.91,-619.15, 2.96, -770.14, -1589.26, -147.94, -407.35, -911.47, -857.94
1492408888.28,-687.72, -8.34, -818.43, -1746.87, -170.59, -419.12, -1027.06, -960.88
1492408888.65,-701.43, 2.11, -806.71, -1737.62, -138.24, -422.35, -1016.47, -962.35
1492408889.01,-678.00, 10.58, -813.00, -1691.95, -112.35, -391.77, -1030.88, -967.06
1492408889.38,-605.15, 16.80, -803.86, -1642.99, -83.82, -377.35, -1046.18, -996.47
1492408889.74,-600.00, 14.26, -812.43, -1672.84, -98.53, -380.59, -1086.18, -1037.94
1492408890.2,-642.00, 15.10, -867.86, -1836.12, -124.41, -413.53, -1113.53, -1043.83
1492408890.56,-645.43, 15.67, -846.14, -1773.44, -91.77, -380.59, -1118.82, -1053.83
1492408890.93,-582.29, 17.65, -840.14, -1691.05, -84.12, -353.24, -1133.53, -1049.41
1492408891.21,-547.15, 19.06, -838.71, -1627.77, -59.12, -342.94, -1116.77, -1050.59
1492408891.48,-528.29, 18.21, -841.29, -1594.93, -52.65, -337.06, -1115.30, -1053.83
1492408891.66,-532.86, 16.80, -835.86, -1621.50, -72.06, -337.35, -1132.94, -1065.00
1492408891.85,-562.86, 13.97, -843.57, -1705.68, -104.12, -355.88, -1151.77, -1082.06
1492408892.12,-614.86, 10.58, -849.86, -1824.18, -137.06, -393.24, -1196.47, -1110.00
1492408892.49,-663.72, 10.87, -855.29, -1850.15, -119.12, -397.06, -1216.18, -1129.71
1492408892.85,-626.58, 15.39, -859.29, -1784.18, -80.30, -362.35, -1191.77, -1102.65
1492408893.13,-587.72, 19.06, -830.71, -1649.26, -58.82, -358.53, -1159.12, -1070.88
1492408893.49,-547.15, 19.91, -833.29, -1560.60, -35.30, -343.53, -1130.88, -1045.88
1492408893.86,-528.29, 20.19, -829.00, -1554.03, -36.77, -346.47, -1111.77, -1041.18
1492408894.41,-574.58, 15.10, -840.43, -1728.66, -88.82, -385.88, -1143.82, -1066.47
1492408894.87,-632.29, 12.28, -847.00, -1746.57, -97.94, -384.41, -1184.71, -1130.59
1492408895.14,-626.00, 15.10, -858.43, -1769.26, -75.59, -370.00, -1202.35, -1115.30
1492408895.32,-634.86, 17.36, -861.00, -1793.44, -65.30, -380.88, -1213.82, -1116.18
1492408895.5,-653.72, 18.21, -869.86, -1811.05, -61.18, -382.94, -1212.65, -1115.59
1492408895.69,-641.72, 18.49, -879.29, -1808.96, -58.24, -369.71, -1222.94, -1121.18
1492408895.96,-632.00, 19.62, -876.14, -1788.06, -45.88, -367.35, -1188.24, -1100.59
1492408896.24,-617.15, 20.19, -861.00, -1718.51, -36.77, -357.06, -1190.59, -1092.65
1492408896.6,-588.29, 20.19, -855.29, -1696.12, -27.06, -358.24, -1196.18, -1098.83
1492408896.97,-619.15, 18.21, -875.00, -1804.18, -58.82, -389.71, -1259.12, -1146.18
1492408897.34,-698.86, 17.93, -878.14, -1882.09, -52.94, -410.00, -1268.82, -1149.71
1492408897.7,-689.43, 20.19, -879.00, -1834.03, -40.30, -391.47, -1247.65, -1132.35
1492408898.06,-634.00, 20.47, -874.14, -1760.60, -29.41, -377.35, -1225.00, -1117.94
1492408898.52,-633.43, 21.32, -885.57, -1911.35, -175.88, -359.41, -1817.06, -2021.47
1492408898.89,-668.58, 22.45, -903.29, -2071.95, -110.88, -457.35, -1830.00, -1658.24
1492408899.16,-719.15, 19.91, -885.57, -1957.32, -116.18, -387.65, -16352.94, -1643.24
1492408899.53,-658.29, 20.75, -885.00, -1911.95, -52.06, -373.53, -1778.53, -1644.41
1492408899.8,-634.29, 23.30, -872.71, -1846.57, -37.65, -367.06, -1877.94, -1704.41
1492408900.08,-639.72, 24.14, -995.57, -2024.48, -95.88, -400.00, -2063.24, -1865.59
1492408900.35,-688.00, 25.84, -1153.86, -2283.89, -196.47, -421.47, -2633.24, -2343.24
1492408900.72,-734.29, 40.81, -1236.71, -2551.35, -97.65, -400.30, -2980.00, -2528.24
1492408901.17,-727.43, 122.73, -1215.57, -3092.54, 5.29, -375.30, -3062.35, -2305.88
1492408901.63,-971.72, 35.73, -963.57, -1816.72, 2.94, -409.71, -1378.82, -1154.71
1492408902.0,-667.43, 32.90, -736.71, -1196.42, -5.59, -386.18, -1231.77, -1211.18
1492408902.36,-860.00, 32.90, -763.00, -1378.21, -9.12, -443.83, -1341.77, -1301.18
1492408902.73,-1064.00, 19.62, -760.14, -1519.11, -17.35, -497.35, -1322.94, -1309.12
1492408903.09,-1110.00, 16.80, -728.14, -1455.53, -16.77, -482.35, -1288.82, -1271.18
1492408903.46,-992.86, 37.14, -715.00, -1312.84, -8.82, -453.53, -1247.65, -1227.65
1492408903.73,-920.29, 44.48, -689.86, -1214.33, -2.94, -446.47, -1204.71, -1191.77
1492408904.01,-876.00, 52.96, -686.43, -1137.02, -0.30, -435.88, -1215.59, -1157.94
1492408904.28,-795.15, 74.43, -663.29, -1053.44, 2.35, -427.35, -1193.53, -1129.41
1492408904.65,-734.58, 96.46, -658.14, -1022.69, 4.70, -428.53, -1185.59, -1120.30
1492408905.11,-736.58, 94.20, -651.86, -1041.50, 2.65, -420.88, -1212.35, -1127.65
1492408905.56,-817.43, 36.86, -674.43, -1206.87, -5.59, -470.88, -1217.94, -1154.41
1492408906.02,-950.58, 22.45, -687.29, -1237.62, -10.88, -474.71, -1226.47, -1143.53
1492408906.39,-862.58, 33.47, -701.00, -1167.17, -5.30, -455.00, -1251.77, -1047.06
1492408906.66,-823.72, 41.38, -714.14, -1183.59, -0.30, -439.12, -1398.24, -1216.47
1492408907.03,-682.00, 114.26, -754.71, -1694.33, 14.12, -398.83, -1858.82, -1864.71
1492408907.39,-559.15, 246.74, -720.71, -1455.23, 13.82, -547.06, -1791.47, -1747.06
1492408907.76,-544.86, 237.99, -583.86, -1376.42, 12.06, -507.35, -2433.82, -2120.00
1492408908.12,-571.72, 184.88, -665.29, -1687.17, 13.53, -566.77, -3737.65, -3232.65
1492408908.49,-709.43, 59.17, -757.00, -2218.21, 18.23, -536.77, -4287.94, -2997.65
1492408908.76,-737.15, 14.54, -716.71, -1801.20, 20.29, -453.53, -1996.18, -1875.59
1492408909.13,-652.00, 15.67, -439.00, -401.20, 11.18, -402.94, -187.06, -165.88
1492408909.5,-562.86, -0.71, -343.29, -471.95, -3.82, -402.94, -164.71, -122.65
1492408909.96,-996.58, -0.43, -497.86, -527.17, -41.18, -414.41, -169.12, -9055.59
1492408910.41,-873.72, 30.64, -391.00, -465.68, -13.24, -329.41, -178.82, -122.65
1492408910.68,-820.86, 52.68, -390.43, -424.18, -5.88, -321.77, -185.88, -138.53
1492408910.96,-654.29, 58.04, -387.86, -356.42, -8.53, -291.47, -178.24, -131.77
1492408911.42,-603.15, 70.47, -384.43, -344.48, -1.18, -317.35, -189.41, -136.47
1492408911.87,-673.72, 67.36, -374.71, -439.11, -3.82, -326.18, -195.88, -149.41
1492408912.24,-816.58, 29.51, -382.14, -536.42, -15.00, -355.00, -212.94, -157.94
1492408912.61,-840.00, 30.08, -387.00, -534.63, -12.65, -337.94, -208.53, -150.00
1492408912.88,-741.72, 54.94, -384.43, -449.86, -7.94, -337.35, -208.53, -147.65
1492408913.34,-717.15, 62.84, -373.29, -362.39, -4.71, -324.71, -200.88, -143.53
1492408913.7,-673.72, 52.39, -368.43, -404.78, -7.06, -351.47, -199.12, -153.53
1492408914.07,-824.00, 37.70, -386.14, -355.53, -10.88, -348.83, -205.59, -151.18
1492408914.43,-743.72, 50.42, -356.43, -373.74, -10.00, -353.24, -212.06, -150.00
1492408914.71,-646.58, 63.69, -334.14, -347.47, -4.12, -350.59, -209.71, -152.35
1492408915.08,-619.72, 69.06, -332.14, -335.83, -2.94, -367.35, -218.53, -156.47
1492408915.53,-621.72, 51.55, -345.57, -350.15, -35.30, -335.00, -216.47, -194.41
1492408915.99,-756.29, -3.54, -317.57, -323.59, -258.24, -384.12, -228.82, -199.41
1492408916.35,-767.15, 8.04, -339.00, -347.77, -138.24, -382.35, -218.24, -175.88
1492408916.81,-628.00, 51.83, -366.43, -468.36, -4.41, -339.71, -228.24, -162.35
1492408917.27,-432.00, 63.69, -330.14, -420.60, -0.00, -367.06, -175.59, -93.53
1492408917.64,-458.58, 46.74, -351.86, -408.06, 4.41, -382.94, -138.53, -100.00
1492408918.0,-567.72, 60.87, -312.43, -540.60, -12.65, -444.41, -168.24, -159.71
1492408918.46,-608.29, 24.99, -216.14, -377.92, -118.82, -466.47, -103.82, -131.18
1492408918.82,-217.72, 2.96, -109.86, -88.36, -602.35, -489.41, -87.65, -109.71
