1492408752.42,.69, -140.71, -304.18, -442.94, 21583.82, -519.71, -558.83
1492408752.42,-453.72, 24.71, -137.00, -222.39, -583.24, -570.00, .06
1492408752.42,-690.00, 26.69, -140.71, -304.18, -442.94, 21583.82, -519.71, -558.83
1492408753.42,-453.72, 24.71, -137.00, -222.39, -583.24, -570.00, -854.29, 8.04, -821.00, -1082.69, -159.12, -157.65, -600.88, -515.88
1492408753.7,-960.00, -0.71, -776.14, -1087.47, -115.00, -212.35, -587.94, -483.24
1492408753.97,-929.72, 21.88, -777.29, -1049.26, -49.71, -200.59, -557.06, -498.53
1492408754.34,-801.15, 27.82, -760.71, -929.56, -33.53, -190.88, -547.94, -460.30
1492408754.71,-695.43, 33.47, -748.14, -844.48, -10.30, -191.77, -515.30, -465.88
1492408755.07,-712.58, 32.90, -762.14, -771.65, -7.35, -193.53, -290.88, -233.53
1492408755.44,-499.15, -188.57, -712.43, -374.33, -393.24, -150.30, -18.53, -9.12
1492408755.8,-524.86, -1450.71, -679.86, -272.84, -1188.53, -267.94, -3.53, -23.53
1492408756.17,-846.29, -2712.58, -801.86, -285.38, -1431.77, -356.77, -1.18, -45.59
1492408756.54,-626.58, -1736.59, -772.71, -269.26, -836.18, -427.06, -25.88, -43.24
1492408756.81,-549.72, -1295.63, -782.71, -273.74, -915.88, -417.35, -20.88, -46.18
1492408756.99,-441.72, -1498.17, -831.86, -314.93, -1206.47, -435.30, -20.30, -53.24
1492408757.18,-459.15, -1493.65, -849.29, -362.99, -1321.18, -450.88, -63.24, -139.71
1492408757.36,-496.86, -1709.19, -865.57, -348.36, -1561.18, -459.41, -32.06, -44.41
1492408757.54,-587.72, -1915.12, -961.29, -489.86, -1404.71, -447.35, -4.12, -20.00
1492408757.82,-688.86, -2012.58, -973.86, -713.74, -1141.18, -407.06, -7.94, -28.53
1492408758.09,-657.15, -2012.30, -984.71, -991.05, -726.77, -379.41, 6.47, -16.47
1492408758.45,-1118.00, -1258.91, -1393.00, -1846.87, -339.12, -370.00, -174.41, -425.59
1492408758.82,-1114.00, -195.63, -1580.43, -2695.83, -377.94, -502.94, -1132.35, -1202.94
1492408759.19,-1204.58, -13.43, -1224.43, -2884.18, -32.65, -522.35, -750.88, -845.88
1492408759.65,-1187.72, -22.47, -1232.14, -2890.75, -32.65, -515.88, -1323.53, -1232.94
1492408760.01,-1126.58, -17.66, -1315.57, -3077.92, -7.65, -622.35, -905.30, -862.35
1492408760.38,-1289.15, -51.56, -1371.00, -3004.18, -5.30, -593.53, -826.77, -832.94
1492408760.75,-1198.86, -7.21, -1305.86, -2575.83, -12.94, -563.83, -801.18, -863.83
1492408761.02,-1150.86, -20.49, -1226.14, -2406.27, -40.00, -512.35, -862.06, -850.30
1492408761.38,-1072.00, -15.40, -1165.00, -2288.66, -66.18, -555.30, -866.47, -884.71
1492408761.66,-1270.58, -52.97, -1095.29, -2487.17, -99.12, -547.65, -995.88, -990.00
1492408761.93,-1195.72, -126.99, -1093.29, -2446.87, -144.12, -440.59, -1033.82, -928.24
1492408762.21,-1100.29, -65.69, -925.29, -2478.81, -51.47, -294.41, -1067.06, -951.18
1492408762.48,-1076.58, -5.23, -826.43, -2358.51, -12.94, -303.24, -1063.82, -918.24
1492408762.76,-1049.72, 4.09, -856.43, -2408.36, -6.77, -316.18, -927.94, -828.83
1492408763.12,-1080.58, -17.38, -887.00, -2414.93, -15.88, -313.83, -910.30, -977.35
1492408763.58,-1076.00, -44.50, -909.57, -2535.83, -35.59, -393.53, -1084.12, -1003.24
1492408763.94,-1084.00, -1.56, -896.14, -2431.95, -21.47, -355.59, -1147.94, -1011.77
1492408764.31,-1072.29, 9.45, -874.43, -2331.05, -11.47, -350.88, -1100.59, -1003.24
1492408764.77,-1039.15, 8.89, -870.14, -2326.57, -20.59, -339.12, -1154.41, -1023.53
1492408765.13,-1098.58, 5.50, -907.00, -2468.06, -22.65, -382.65, -1167.65, -1025.00
1492408765.59,-1061.43, 5.50, -900.71, -2351.05, -14.41, -350.88, -1128.24, -1003.24
1492408765.86,-967.43, 14.54, -877.00, -2212.24, -8.82, -332.35, -1142.35, -1007.65
1492408766.14,-958.00, 14.82, -884.43, -2285.68, -12.35, -325.00, -1230.30, -1065.59
1492408766.5,-971.15, 7.76, -891.86, -2343.29, -17.35, -349.71, -1172.35, -1030.59
1492408766.87,-1056.86, 8.32, -944.43, -2464.48, -10.30, -405.30, -1136.47, -967.65
1492408767.24,-1010.29, 14.26, -881.00, -2120.90, -2.35, -330.00, -1029.12, -922.65
1492408767.6,-813.43, 17.36, -851.29, -1910.15, -0.59, -282.35, -1067.35, -910.30
1492408767.97,-784.29, 16.23, -825.00, -1966.57, -4.12, -295.59, -1108.53, -951.18
1492408768.33,-899.43, 15.10, -880.71, -2200.90, -9.12, -319.12, -1177.94, -1009.41
1492408768.7,-995.72, 13.97, -932.71, -2414.93, -13.24, -347.35, -1326.47, -1148.83
1492408768.97,-1039.72, 16.52, -979.86, -2574.93, -14.71, -353.83, -1535.00, -1307.35
1492408769.34,-1026.00, 20.19, -968.71, -2591.05, -9.12, -350.30, -1655.88, -1374.12
1492408769.89,-1022.58, 18.49, -932.43, -2469.86, -5.00, -339.12, -1534.12, -1272.06
1492408770.26,-917.43, 21.32, -893.00, -2272.54, -3.53, -323.53, -1500.30, -1250.88
1492408770.62,-881.72, 20.75, -885.86, -2222.09, -2.65, -315.30, -1465.00, -1229.71
1492408770.98,-849.72, 21.04, -889.29, -2237.02, -2.94, -324.71, -1467.65, -1242.65
1492408771.26,-908.58, 18.49, -904.71, -2362.09, -7.35, -353.53, -1511.18, -1262.35
1492408771.63,-904.86, 18.78, -881.86, -2316.42, -7.94, -338.83, -1493.24, -1265.59
1492408772.08,-860.00, 20.75, -882.71, -2244.18, -5.59, -332.35, -1462.06, -1244.71
1492408772.45,-864.58, 19.06, -857.29, -2196.72, -5.88, -325.30, -1446.18, -1240.30
1492408772.82,-848.58, 21.04, -861.86, -2097.62, -0.88, -324.12, -1415.30, -1225.00
1492408773.09,-798.86, 21.60, -853.00, -2052.84, -0.30, -323.24, -1422.94, -1210.59
1492408773.45,-802.86, 20.75, -859.86, -2057.02, -0.59, -315.59, -1431.47, -1240.30
1492408773.91,-837.15, 18.21, -884.14, -2257.92, -5.59, -352.35, -1500.00, -1278.53
1492408774.28,-902.29, 15.67, -904.14, -2306.87, -8.53, -360.59, -1500.30, -1273.83
1492408774.65,-886.29, 17.65, -900.14, -2298.81, -10.00, -340.88, -1536.77, -1322.06
1492408775.01,-961.72, 15.10, -910.14, -2487.77, -20.30, -382.06, -1585.59, -1341.47
1492408775.38,-1039.43, 12.84, -882.43, -2481.20, -33.53, -380.88, -1557.65, -1316.77
1492408775.74,-960.86, 16.80, -866.14, -2301.80, -15.88, -339.12, -1500.30, -1265.00
1492408776.2,-856.86, 19.91, -877.00, -2090.15, -5.00, -317.35, -1440.88, -1225.00
1492408776.75,-790.00, 20.75, -863.86, -1962.69, -0.30, -307.35, -1391.18, -1192.06
1492408777.11,-722.29, 19.91, -853.29, -2016.72, -6.47, -296.18, -1475.88, -1260.88
1492408777.48,-858.29, 15.10, -859.86, -2223.29, -22.35, -336.18, -1491.18, -1250.88
1492408777.85,-915.72, 12.00, -837.57, -2137.32, -47.35, -364.71, -1415.30, -1122.35
1492408778.3,-682.00, 14.54, -655.00, -1278.21, -43.53, -281.47, -927.94, -874.41
1492408778.67,-239.15, 9.74, -527.57, -867.47, -157.94, -283.53, -1043.24, -995.88
1492408778.94,-414.00, 8.04, -497.57, -905.38, -67.94, -416.18, -1084.41, -949.71
1492408779.22,-684.29, 17.93, -630.43, -1204.78, -69.41, -733.53, -1301.47, -1163.24
1492408779.49,-618.00, 16.80, -709.57, -1439.71, -252.65, -283.83, -1812.65, -1565.00
1492408779.77,-705.72, 17.08, -663.00, -1730.75, -293.53, -289.71, -2087.06, -2058.53
1492408780.23,-869.43, 21.32, -710.43, -2319.71, -263.53, -295.88, -3343.53, -2660.59
1492408780.77,-884.86, 43.64, -1047.29, -3077.02, 16.18, -447.35, -3552.94, -2595.59
1492408781.23,-1091.43, 52.11, -1246.71, -2920.30, 14.70, -418.83, -1433.53, -1134.12
1492408781.59,-721.72, 43.35, -641.57, -1124.18, 15.00, -493.24, -1297.35, -1336.77
1492408782.05,-599.15, 58.32, -593.00, -1180.60, 7.94, -458.24, -1357.35, -1151.47
1492408782.51,-626.29, 48.44, -597.29, -1083.29, 1.18, -293.83, -1140.59, -779.12
1492408782.88,-813.43, 30.64, -675.57, -1036.12, 2.35, -239.12, -721.47, -562.94
1492408783.24,-933.72, 33.18, -836.71, -1044.78, 2.06, -355.30, -495.00, -522.94
1492408783.51,-803.43, 58.32, -503.57, -568.66, 1.18, -319.71, -434.12, -482.06
1492408783.88,-642.29, 47.87, -553.57, -483.59, -3.24, -294.12, -581.47, -548.53
1492408784.25,-640.86, 50.42, -496.14, -564.18, -0.00, -333.24, -613.82, -580.88
1492408784.71,-832.29, 43.35, -525.57, -710.75, -6.18, -373.24, -591.77, -570.88
1492408785.07,-993.43, 38.55, -501.00, -682.39, -10.00, -392.65, -535.88, -561.18
1492408785.53,-924.58, 50.42, -499.86, -707.77, -0.00, -372.35, -716.18, -792.65
1492408785.89,-764.29, 74.99, -596.14, -835.53, 7.65, -322.94, -776.47, -816.47
1492408786.26,-712.29, 48.16, -584.43, -748.66, 5.00, -329.71, -768.24, -706.77
1492408786.72,-807.43, 45.33, -563.86, -876.12, 0.29, -397.35, -742.65, -693.83
1492408787.17,-1034.00, 39.12, -569.29, -915.53, -5.00, -397.06, -719.71, -681.77
1492408787.63,-960.00, 49.85, -539.86, -808.96, 2.65, -400.30, -535.88, -596.18
1492408788.0,-940.00, 50.42, -532.43, -640.60, 4.12, -418.24, -173.53, -135.88
1492408788.36,-783.72, 3.52, -677.86, -528.66, -24.12, -482.06, -310.00, -394.12
1492408788.91,-574.00, 15.67, -419.57, -346.87, -225.59, -384.41, -526.77, -454.41
