1492407791.7,347.15, -28.12, -80.71, -454.03, -466.18, -689.71, -418.24, -459.71
1492407791.7,-361.15, -29.53, -74.14, -283.89, -537.65, 3.24, -456.18
1492407791.7,-347.15, -28.12, -80.71, -454.03, -466.18, -689.71, -418.24, -459.71
1492407792.63,-361.15, -29.53, -74.14, -283.89, -537.65, -570.58, -37.72, -435.57, -717.92, -23.53, -462.65, -493.53, -336.47
1492407792.91,-498.29, -52.97, -563.86, -596.12, -168.82, -203.53, -463.82, -300.88
1492407793.18,-452.58, -34.90, -455.86, -491.65, -47.06, -150.59, -451.18, -264.71
1492407793.46,-597.43, -18.79, -364.71, -681.80, -9.41, -145.30, -515.59, -324.12
1492407793.82,-619.15, -25.29, -439.86, -783.89, -32.94, -142.06, -223.53, -199.41
1492407794.19,-735.43, -99.58, -550.71, -596.72, -126.77, -102.65, -12.94, -22.65
1492407794.55,-647.72, -1014.27, -660.71, -372.24, -997.06, -164.12, 3.23, -14.71
1492407794.92,-867.15, -1972.47, -659.86, -208.36, -1184.41, -310.88, -2.94, -71.77
1492407795.29,-726.86, -1271.62, -625.00, -185.38, -996.47, -383.83, -54.41, -86.18
1492407795.65,-550.58, -1116.53, -722.14, -258.81, -1333.82, -450.30, -29.41, -84.12
1492407796.02,-371.43, -1312.01, -859.29, -615.53, -1105.88, -440.30, -5.59, -23.83
1492407796.29,-862.86, -1305.23, -681.29, -762.69, -490.59, -291.18, 7.65, -9.12
1492407796.47,-868.58, -1144.78, -637.57, -662.69, -469.12, -235.88, -1.18, -33.53
1492407796.65,-676.29, -587.44, -689.86, -1274.63, -322.94, -264.71, -159.71, -287.06
1492407796.84,-672.58, -199.02, -868.43, -1814.33, -422.06, -318.24, -829.71, -912.94
1492407797.11,-717.43, -86.03, -975.00, -2206.57, -387.65, -405.30, -1165.00, -1080.88
1492407797.39,-869.15, -43.09, -909.00, -2063.59, -205.59, -498.24, -922.06, -925.00
1492407797.75,-810.58, -23.88, -765.00, -1700.00, -137.65, -476.77, -792.65, -722.35
1492407798.12,-902.00, -29.53, -739.00, -1615.23, -125.00, -481.77, -805.59, -724.41
1492407798.49,-893.43, -36.59, -801.29, -1745.68, -133.53, -522.35, -794.41, -722.06
1492407798.94,-930.29, -31.22, -767.00, -1668.36, -123.53, -522.35, -806.18, -692.35
1492407799.31,-902.29, -20.77, -747.00, -1551.35, -99.41, -464.41, -719.71, -681.77
1492407799.67,-838.29, -21.34, -719.00, -1470.15, -87.94, -462.35, -675.88, -669.12
1492407800.04,-836.58, -21.90, -717.00, -1385.08, -77.94, -445.00, -705.30, -617.06
1492407800.32,-795.43, -20.77, -719.29, -1314.03, -61.18, -429.12, -725.88, -606.18
1492407800.68,-734.86, -19.36, -709.86, -1277.62, -64.41, -422.06, -732.06, -626.47
1492407800.96,-734.58, -20.21, -706.71, -1323.89, -70.30, -424.12, -753.53, -681.47
1492407801.23,-834.58, -28.96, -705.00, -1446.87, -164.41, -458.83, -770.59, -698.24
1492407801.5,-900.29, -35.18, -721.57, -1540.00, -214.12, -488.83, -810.59, -721.18
1492407801.78,-916.86, -44.22, -721.29, -1540.00, -223.53, -494.71, -804.71, -700.00
1492407802.05,-882.86, -29.25, -700.14, -1456.42, -150.30, -458.24, -787.65, -657.65
1492407802.42,-778.86, -21.62, -673.29, -1297.62, -86.47, -431.77, -732.35, -615.88
1492407802.88,-714.00, -21.34, -660.71, -1240.00, -75.00, -439.71, -726.47, -627.06
1492407803.24,-818.58, -30.38, -719.00, -1564.48, -202.06, -461.77, -1022.65, -895.59
1492407803.61,-781.15, -18.79, -787.57, -1905.38, -349.12, -452.35, -1636.77, -1373.53
1492407804.06,-691.43, -16.53, -808.71, -2065.98, -230.88, -436.77, -1903.82, -1442.65
1492407804.43,-639.72, -16.82, -790.14, -2017.02, -64.71, -407.94, -1514.12, -1163.24
1492407804.89,-690.29, -19.92, -709.86, -1485.08, -30.88, -354.41, -974.71, -971.47
1492407805.16,-613.15, -16.82, -668.14, -1305.68, -16.47, -365.88, -928.53, -917.35
1492407805.44,-583.72, -16.53, -618.43, -1231.05, -17.65, -381.47, -995.00, -916.47
1492407805.8,-578.58, -17.66, -582.14, -1213.74, -19.41, -376.77, -976.77, -914.71
1492407806.17,-573.43, -17.38, -620.71, -1315.53, -28.24, -371.47, -1083.82, -925.88
1492407806.53,-695.15, -20.21, -639.57, -1470.15, -37.06, -421.77, -1093.53, -929.12
1492407806.9,-722.58, -20.49, -641.00, -1471.95, -41.47, -421.77, -1040.00, -947.65
1492407807.17,-713.15, -19.64, -621.57, -1433.14, -41.18, -405.59, -1036.77, -927.65
1492407807.54,-691.72, -17.66, -612.14, -1362.69, -32.65, -379.41, -1042.65, -878.24
1492407807.91,-644.29, -16.82, -593.57, -1262.39, -19.71, -370.00, -1015.88, -855.30
1492407808.18,-618.58, -16.82, -594.71, -1219.71, -18.24, -356.18, -989.41, -850.00
1492407808.46,-578.00, -18.23, -601.00, -1202.69, -15.30, -352.35, -958.53, -899.71
1492407808.91,-581.72, -17.10, -611.86, -1276.72, -18.24, -353.53, -979.41, -970.30
1492407809.37,-639.72, -19.92, -625.00, -1361.80, -33.82, -384.12, -998.24, -951.47
1492407809.73,-644.58, -19.64, -626.43, -1358.81, -32.06, -388.53, -977.65, -933.83
1492407810.1,-647.43, -18.23, -616.71, -1328.36, -30.59, -375.00, -979.12, -903.83
1492407810.37,-626.58, -17.10, -613.86, -1309.26, -22.35, -363.24, -964.41, -904.12
1492407810.65,-610.29, -17.95, -604.43, -1259.11, -23.53, -349.41, -955.59, -880.59
1492407811.11,-575.43, -17.10, -600.43, -1217.32, -24.41, -350.00, -958.24, -861.18
1492407811.56,-584.86, -18.79, -617.57, -1307.47, -24.71, -389.41, -956.18, -866.47
1492407811.93,-647.72, -20.21, -616.43, -1279.41, -31.77, -369.41, -958.24, -854.12
1492407812.2,-603.72, -16.82, -577.29, -1200.30, -25.59, -353.24, -951.47, -839.71
1492407812.66,-588.00, -18.23, -575.57, -1193.74, -24.71, -351.77, -962.65, -848.53
1492407813.03,-636.29, -18.51, -603.29, -1296.72, -30.59, -388.83, -975.30, -841.18
1492407813.39,-688.86, -20.49, -614.71, -1325.38, -34.71, -392.06, -960.30, -822.06
1492407813.76,-635.15, -17.95, -596.43, -1226.87, -25.30, -361.47, -967.65, -795.30
1492407813.94,-621.15, -16.82, -583.29, -1183.29, -22.06, -352.65, -1051.77, -3180.30
1492407814.3,-588.29, -15.69, -612.14, -1268.96, -93.24, -313.83, -1696.77, -1214.71
1492407814.67,-547.15, -17.95, -714.14, -1567.47, -6.47, -359.71, -1304.41, -705.30
1492407815.04,-784.29, -20.77, -549.29, -1194.33, 3.2, -389.41, -682.06, -428.53
1492407815.5,-777.15, -20.21, -483.86, -833.74, 5.59, -346.18, -544.41, -368.53
1492407816.05,-656.00, -18.23, -462.14, -651.95, 3.82, -337.65, -497.35, -341.18
1492407816.41,-632.86, -20.49, -430.14, -615.53, 2.06, -330.59, -504.41, -349.41
1492407816.77,-692.00, -20.77, -477.29, -782.99, -0.30, -351.77, -509.41, -372.06
1492407817.14,-864.29, -21.62, -454.14, -876.12, -6.47, -375.59, -524.41, -389.12
1492407817.6,-928.86, -21.62, -447.29, -855.83, -6.18, -358.83, -527.94, -372.94
1492407817.96,-782.86, -19.08, -425.29, -773.14, -0.88, -342.06, -522.94, -362.06
1492407818.24,-745.43, -18.51, -433.00, -708.06, 0.88, -336.18, -518.24, -355.59
1492407818.51,-678.00, -18.51, -418.71, -630.45, 2.35, -332.35, -509.12, -352.94
1492407818.79,-629.43, -18.51, -415.00, -586.27, 2.94, -340.00, -494.12, -354.71
1492407819.06,-603.43, -19.08, -393.57, -615.83, -0.59, -376.77, -510.88, -385.30
1492407819.52,-701.43, -20.77, -343.57, -520.60, -41.47, -439.71, -455.30, -406.77
1492407820.07,-633.72, -26.70, -96.43, -125.98, -706.77, -573.83, -413.82, -423.24
