1493357227.06,5.30, -123.24, -131.18
1493357227.06,-36.86, -183.20, -205.57, -195.83, -45.30, -106.18, -85.30, -86.77
1493357227.96,-52.86, -632.58, 8.61, -131.29, -433.74, -149.12, -339.12, -638.82, -830.59
1493357228.24,-769.72, 13.69, -169.00, -863.59, -130.59, -360.00, -1092.06, -1090.30
1493357228.51,-619.72, 3.24, -316.71, -523.29, -74.12, -167.65, -307.35, -359.41
1493357228.79,-301.72, -213.71, -397.29, -327.17, -205.00, -101.18, -14.41, -33.83
1493357229.15,-308.00, -830.09, -537.86, -324.78, -747.94, -161.47, 16.47, -3.83
1493357229.52,-488.58, -2224.16, -663.57, -278.21, -1252.65, -293.24, -7.94, -72.35
1493357229.88,-413.72, -1380.09, -720.43, -440.00, -1041.18, -397.06, -101.18, -107.35
1493357230.25,-283.43, -1257.49, -910.71, -371.35, -1225.59, -454.71, -134.41, -36.47
1493357230.61,-234.00, -1058.34, -694.43, -408.96, -764.12, -358.83, -44.41, -78.53
1493357230.98,-328.86, -1204.95, -570.43, -302.39, -716.77, -486.18, -109.12, -96.47
1493357231.35,-310.29, -965.69, -399.57, -377.62, -823.24, -325.30, -100.88, -112.65
1493357231.62,-397.72, -1143.37, -422.43, -525.38, -1089.71, -367.06, -134.71, -126.18
1493357231.8,-495.15, -1208.34, -459.00, -617.62, -1013.53, -527.06, -100.30, -88.24
1493357231.98,-758.86, -1081.51, -645.29, -880.00, -715.88, -541.77, -33.53, -27.06
1493357232.17,-824.86, -843.65, -636.14, -660.60, -722.65, -617.65, -15.00, -2.65
1493357232.35,-656.86, -525.01, -402.14, -443.89, -823.82, -662.65, -8.24, 1.76
1493357232.72,-654.86, -448.45, -221.29, -308.36, -932.94, -850.59, -12.94, -4.71
1493357233.08,-572.00, -514.56, -464.71, -374.03, -479.71, -865.30, -144.12, -209.41
1493357233.45,-598.29, -988.85, -533.86, -907.17, -640.00, -246.77, -284.41, -309.12
1493357233.91,-736.86, -1172.47, -767.00, -1074.03, -370.30, -215.00, -231.77, -188.53
1493357234.36,-781.15, -803.54, -729.57, -893.14, -346.18, -337.35, -39.41, -45.00
1493357234.73,-691.43, -936.31, -573.86, -1218.81, -286.18, -323.24, -373.53, -396.47
1493357235.09,-732.29, -575.01, -598.43, -1215.53, -343.82, -317.94, -319.12, -307.35
1493357235.37,-727.15, -616.25, -429.00, -866.27, -324.12, -305.00, -222.35, -218.83
1493357235.64,-696.29, -565.69, -634.71, -714.03, -366.47, -336.18, -153.82, -168.24
1493357236.1,-638.29, -749.30, -549.00, -591.05, -312.65, -253.24, -133.53, -152.65
1493357236.38,-484.86, -650.71, -510.14, -488.06, -201.47, -184.12, -109.41, -134.12
1493357236.65,-381.15, -492.81, -439.00, -441.50, -159.71, -185.30, -99.12, -127.35
1493357236.92,-399.72, -398.17, -416.71, -434.33, -166.77, -221.18, -94.12, -121.47
1493357237.2,-480.00, -429.53, -341.00, -470.15, -220.00, -255.88, -81.47, -108.83
1493357237.47,-628.86, -586.31, -348.71, -590.75, -295.00, -291.47, -95.88, -131.77
1493357237.93,-698.58, -663.43, -477.00, -760.00, -306.18, -301.18, -127.06, -170.88
1493357238.3,-707.15, -496.76, -415.86, -745.98, -248.53, -322.35, -132.65, -161.47
1493357238.66,-628.29, -480.66, -443.57, -701.20, -224.41, -260.59, -145.88, -177.06
1493357239.03,-596.58, -415.69, -465.86, -710.15, -246.18, -245.30, -155.88, -193.24
1493357239.3,-619.72, -409.47, -471.57, -715.23, -249.12, -232.06, -156.77, -189.41
1493357239.67,-604.29, -394.22, -461.00, -673.14, -225.30, -240.88, -156.18, -170.59
1493357240.03,-522.29, -337.72, -443.00, -569.26, -203.24, -204.71, -132.94, -151.18
1493357240.4,-481.43, -304.95, -435.29, -519.11, -179.71, -208.83, -148.53, -167.06
1493357240.67,-519.72, -356.36, -442.14, -662.39, -235.30, -252.06, -153.82, -188.83
1493357240.95,-657.43, -441.68, -444.43, -754.63, -319.12, -277.65, -164.41, -199.12
1493357241.22,-639.15, -427.27, -460.14, -731.05, -279.12, -249.12, -171.18, -196.77
1493357241.59,-592.00, -362.01, -461.00, -669.26, -216.77, -217.06, -175.88, -212.65
1493357241.95,-527.72, -321.05, -501.00, -634.93, -172.35, -213.24, -161.47, -191.77
1493357242.32,-491.72, -331.22, -500.14, -562.99, -217.35, -220.00, -269.71, -295.59
1493357242.68,-491.43, -287.44, -582.43, -771.95, -305.88, -236.77, -483.82, -519.41
1493357243.14,-553.72, -239.42, -522.43, -1054.03, -334.71, -249.71, -720.59, -752.65
1493357243.51,-533.15, -181.22, -443.29, -1138.81, -330.30, -249.71, -876.77, -855.30
1493357243.88,-528.29, -87.44, -470.71, -1095.23, -235.30, -207.06, -936.18, -891.47
1493357244.24,-480.29, -66.82, -477.57, -1024.18, -197.94, -196.77, -996.47, -941.47
1493357244.7,-505.43, -47.04, -472.71, -1167.77, -230.00, -247.35, -1111.18, -1037.06
1493357245.06,-517.43, -31.51, -465.57, -1153.14, -206.77, -238.24, -1164.41, -1082.94
1493357245.43,-471.43, -3.54, -473.29, -1049.56, -172.65, -192.06, -1270.00, -1174.71
1493357245.7,-412.00, 8.89, -448.71, -925.08, -176.77, -183.53, -1333.82, -1210.59
1493357245.98,-374.58, 12.56, -425.29, -882.39, -187.94, -185.88, -1357.94, -1252.35
1493357246.25,-398.58, 8.04, -424.71, -1005.08, -153.24, -200.59, -1214.12, -1136.77
1493357246.71,-476.86, 8.89, -423.00, -1138.51, -162.06, -246.18, -1203.24, -1083.24
1493357247.16,-540.29, 16.23, -392.43, -1063.59, -146.77, -216.47, -1204.12, -1062.06
1493357247.44,-462.00, 21.04, -387.57, -926.27, -135.30, -199.12, -1246.18, -1097.94
1493357247.71,-424.86, 22.73, -363.86, -849.86, -113.53, -200.59, -1216.77, -1063.83
1493357248.08,-411.72, 22.45, -352.14, -834.03, -110.59, -192.65, -1164.71, -1037.35
1493357248.54,-472.00, 20.75, -356.14, -986.27, -135.30, -216.77, -1134.41, -972.06
1493357249.0,-572.86, 19.06, -8872.14, -1044.48, -133.24, -226.77, -1045.88, -845.30
1493357249.36,-596.86, 20.75, -357.57, -930.15, -116.47, -202.65, -907.65, -709.71
1493357249.63,-572.29, 20.47, -353.57, -837.62, -103.82, -181.18, -778.24, -642.94
1493357249.91,-564.86, 20.19, -334.71, -750.75, -96.77, -179.71, -709.12, -589.12
1493357250.27,-521.43, 21.32, -322.43, -731.35, -86.47, -166.18, -834.71, -704.71
1493357250.64,-483.15, 21.60, -311.86, -651.35, -94.12, -166.18, -928.82, -777.06
1493357251.1,-495.15, 21.04, -297.29, -700.90, -92.06, -187.94, -995.88, -811.47
1493357251.46,-640.58, 19.62, -301.57, -775.53, -94.12, -232.94, -1060.59, -912.94
1493357251.74,-720.86, 16.23, -295.57, -864.78, -112.94, -224.41, -1222.06, -1063.53
1493357252.1,-748.00, 17.08, -345.57, -971.05, -95.88, -205.30, -1287.94, -1076.18
1493357252.47,-807.43, 15.95, -363.57, -928.36, -102.35, -195.88, -1260.59, -1037.65
1493357252.83,-822.86, 13.97, -381.00, -884.18, -104.12, -164.12, -1254.41, -1023.83
1493357253.2,-868.58, 13.69, -399.86, -820.60, -103.82, -169.12, -1125.30, -931.77
1493357253.66,-846.86, 16.23, -347.57, -651.95, -66.77, -163.24, -833.82, -813.83
1493357254.03,-794.86, 10.30, -286.71, -673.14, -81.77, -196.47, -747.06, -785.59
1493357254.39,-914.58, 7.19, -261.86, -785.68, -89.12, -241.47, -733.82, -795.30
1493357254.75,-1061.15, 6.63, -280.14, -803.29, -88.24, -220.30, -690.00, -757.06
1493357255.21,-918.58, 9.45, -275.29, -676.12, -70.88, -187.35, -695.59, -726.18
1493357255.67,-831.43, 11.43, -272.43, -652.24, -62.06, -175.59, -687.65, -769.71
1493357256.13,-774.00, 12.84, -278.43, -621.80, -69.71, -131.47, -726.47, -684.12
1493357256.49,-643.72, 9.17, -235.57, -576.12, -128.82, -138.53, -755.30, -662.65
1493357256.77,-597.15, 7.76, -235.86, -525.68, -107.06, -135.59, -691.18, -585.59
1493357257.13,-571.43, 12.56, -230.71, -545.38, -85.59, -155.88, -599.12, -585.88
1493357257.59,-675.15, 15.10, -203.57, -660.60, -71.77, -210.59, -561.47, -584.71
1493357257.96,-753.72, 13.97, -245.86, -559.11, -65.88, -167.35, -574.41, -615.59
1493357258.23,-657.72, 14.54, -229.29, -561.20, -60.00, -169.71, -547.06, -598.83
1493357258.6,-648.00, 14.54, -211.00, -487.17, -56.18, -161.18, -528.24, -587.65
1493357259.05,-565.72, 13.69, -242.14, -490.15, -49.12, -131.77, -525.59, -560.88
1493357259.6,-547.15, 8.04, -203.00, -603.29, -136.47, -207.94, -485.00, -550.59
1493357260.06,-697.43, 10.58, -206.14, -658.81, -141.47, -184.41, -525.00, -557.65
1493357260.52,-611.43, 14.54, -210.43, -563.29, -96.47, -164.12, -582.65, -529.71
1493357260.88,-578.29, 13.41, -239.57, -569.56, -160.30, -144.41, -575.59, -561.18
1493357261.25,-585.15, 15.10, -241.57, -646.57, -68.24, -199.12, -548.53, -552.35
1493357261.71,-670.29, 14.82, -199.57, -599.11, -82.94, -177.06, -451.47, -503.53
1493357262.07,-603.15, 15.10, -195.00, -630.75, -114.12, -185.00, -382.65, -415.59
1493357262.53,-514.58, 17.36, -177.57, -530.15, -110.88, -158.83, -563.24, -542.65
1493357262.89,-510.29, 13.13, -239.86, -595.53, -95.30, -123.24, -574.12, -510.30
1493357263.26,-464.58, 14.26, -190.71, -468.96, -122.94, -165.88, -540.59, -485.59
1493357263.72,-450.86, 16.80, -134.14, -441.20, -117.94, -239.41, -516.77, -532.65
1493357264.08,-594.86, 12.00, -134.14, -666.87, -204.71, -289.41, -660.88, -670.00
1493357264.45,-866.29, 6.91, -213.57, -797.02, -246.47, -402.06, -755.00, -723.53
1493357264.81,-1189.72, 0.70, -353.29, -876.12, -329.71, -356.18, -827.35, -890.00
1493357265.09,-1246.29, -3.26, -299.29, -688.66, -288.82, -308.24, -775.88, -714.71
1493357265.36,-1147.72, -12.01, -281.29, -796.42, -318.82, -395.00, -815.30, -803.83
1493357265.73,-1274.00, -16.53, -313.00, -808.06, -146.18, -328.53, -628.53, -754.41
1493357266.09,-1063.15, 0.13, 10108.14, -700.30, -111.47, -280.59, -668.24, -637.35
1493357266.46,-769.72, 9.74, -291.57, -553.14, -112.65, -206.47, -755.00, -622.06
1493357266.83,-727.72, 10.02, -259.29, -474.63, -247.65, -198.83, -655.88, -468.83
1493357267.1,-821.15, 5.50, -267.57, -444.18, -351.77, -200.88, -609.12, -488.53
1493357267.37,-856.86, 5.22, -266.43, -562.69, -219.41, -260.59, -596.47, -648.24
1493357267.56,-865.72, 7.19, -277.57, -632.24, -113.24, -285.00, -559.41, -640.88
1493357267.92,-823.15, 7.76, -266.14, -653.14, -62.94, -239.12, -330.88, -362.06
1493357268.2,-602.29, -8.06, -299.29, -562.09, -57.06, -150.30, -155.88, -228.24
1493357268.47,-542.00, -33.77, -280.71, -531.95, -71.47, -131.47, -221.47, -276.77
1493357268.84,-468.29, -9.75, -265.29, -554.93, -67.35, -133.83, -353.82, -369.41
1493357269.2,-486.29, 2.68, -262.14, -463.29, -69.12, -110.30, -353.53, -356.77
1493357269.57,-421.43, 8.32, -225.29, -439.11, -49.41, -135.00, -341.77, -352.94
1493357270.02,-390.00, 9.45, -183.57, -502.09, -64.41, -168.24, -356.47, -383.24
1493357270.39,-564.58, 2.96, -176.43, -683.29, -87.06, -201.77, -329.41, -350.88
1493357270.76,-605.72, -43.65, -222.71, -663.89, -79.41, -186.18, -78.82, -108.83
1493357271.12,-563.15, -136.87, -274.43, -582.99, -93.53, -132.06, -72.06, -159.12
1493357271.58,-516.86, -43.65, -293.57, -680.30, -123.53, -142.06, -354.71, -380.88
1493357271.77,-558.00, -12.01, -276.14, -679.41, -111.18, -130.30, -350.59, -360.59
1493357272.04,-466.58, -8.06, -268.14, -619.11, -90.30, -97.65, -373.24, -382.06
1493357272.31,-402.00, -1.56, -283.86, -591.65, -73.53, -92.65, -391.47, -390.88
1493357272.58,-383.43, 2.96, -264.71, -555.23, -77.35, -92.65, -408.82, -397.06
1493357272.86,-379.43, 5.50, -268.71, -585.08, -78.24, -95.59, -527.65, -495.59
1493357273.23,-426.86, 13.41, -255.00, -688.66, -106.77, -108.24, -674.41, -599.41
1493357273.59,-537.15, 15.95, -263.00, -604.18, -100.59, -118.53, -657.06, -588.24
1493357273.96,-516.00, 13.97, -262.43, -600.00, -82.06, -97.06, -641.77, -587.06
1493357274.42,-420.29, 13.69, -251.86, -496.72, -70.59, -80.59, -627.35, -566.18
1493357274.87,-375.15, 13.97, -240.71, -483.89, -75.00, -79.12, -640.30, -592.65
1493357275.33,-457.72, 12.56, -219.86, -689.56, -120.30, -115.59, -824.41, -746.18
1493357275.6,-636.00, 14.26, -215.00, -839.11, -185.00, -160.00, -959.41, -811.77
1493357275.88,-734.29, 13.13, -213.00, -845.68, -198.24, -163.83, -948.82, -813.24
1493357276.06,-711.43, 13.69, -205.57, -751.35, -180.88, -131.47, -895.00, -780.30
1493357276.34,-641.72, 12.84, -231.86, -706.27, -160.30, -106.18, -887.06, -771.47
1493357276.7,-622.29, 14.82, -212.43, -633.44, -149.71, -104.71, -863.82, -747.35
1493357277.07,-566.58, 15.39, -223.86, -558.51, -124.41, -99.41, -845.30, -716.47
1493357277.43,-527.72, 16.23, -232.14, -487.47, -118.24, -94.71, -839.12, -702.94
1493357277.8,-487.72, 16.23, -213.00, -509.26, -133.53, -90.88, -890.30, -755.30
1493357278.07,-551.43, 13.13, -196.43, -709.86, -192.35, -135.59, -957.65, -815.00
1493357278.53,-729.72, 9.45, -200.43, -861.80, -263.24, -189.71, -993.82, -811.18
1493357278.99,-858.29, 4.37, -214.14, -762.69, -355.88, -148.24, -964.41, -746.47
1493357279.35,-818.29, 5.50, -227.00, -665.08, -226.18, -149.41, -792.06, -746.47
1493357279.63,-730.86, 6.91, -257.29, -680.30, -102.06, -156.77, -760.88, -787.06
1493357279.9,-634.00, 10.30, -279.57, -781.50, -107.94, -135.59, -662.06, -713.83
1493357280.27,-570.00, 12.00, -205.00, -660.30, -190.00, -128.24, -520.88, -575.88
1493357280.63,-509.15, 13.69, -181.00, -584.48, -101.18, -133.24, -649.71, -615.59
1493357281.0,-446.29, 12.56, -211.00, -668.66, -79.41, -98.83, -651.18, -670.59
1493357281.37,-524.86, 9.74, -205.29, -763.89, -122.35, -145.00, -659.41, -707.35
1493357281.73,-699.72, 5.50, -185.86, -799.41, -148.53, -195.00, -666.77, -722.94
1493357282.19,-794.86, 6.35, -197.29, -797.92, -144.71, -166.77, -660.88, -663.53
1493357282.64,-586.00, 11.15, -204.71, -637.62, -77.65, -120.00, -621.47, -611.47
1493357283.01,-487.43, 13.97, -302.43, -467.17, -75.00, -161.77, -620.59, -585.88
1493357283.28,-490.29, 13.41, -254.14, -573.74, -75.59, -145.88, -605.59, -632.06
1493357283.47,-566.00, 10.30, -219.29, -662.39, -106.18, -161.47, -609.41, -672.06
1493357283.74,-682.29, 7.19, -185.00, -641.20, -124.41, -148.24, -479.41, -565.30
1493357284.02,-636.00, 3.52, -190.14, -483.89, -132.06, -101.18, -255.59, -296.77
1493357284.38,-425.72, -39.13, -249.29, -244.48, -133.82, -100.00, -14.71, -17.06
1493357284.75,-352.86, -541.68, -387.86, -249.86, -516.77, -98.53, -1.77, -15.59
1493357285.11,-205.72, -1033.77, -412.14, -220.90, -746.18, -205.30, -2.35, -12.94
1493357285.57,-185.72, -1438.29, -453.00, -144.18, -819.71, -179.41, -18.53, -111.47
1493357286.03,-202.00, -226.99, -371.00, -547.77, -231.77, -258.53, -833.24, -720.00
1493357286.49,-368.58, -4.67, -252.43, -657.32, -440.88, -207.06, -999.41, -800.88
1493357286.85,-192.00, -138.00, -136.71, -117.02, -805.88, -495.59, -602.94, -676.77
