1493357097.28,-.94
1493357097.28,5, -203.00, -226.57, -831.77, -247.06, -508.82, -480.88
1493357097.28,-60.58, -356.93, -216.14, -142.39, -917.94, -305.88, -494.71, -482.94
1493357097.28,5, -203.00, -226.57, -831.77, -247.06, -508.82, -480.88
1493357097.29,-60.58, -356.93, -216.14, -142.39, -917.94, -305.88, -494.71, -482.94
1493357097.29,5, -203.00, -226.57, -831.77, -247.06, -508.82, -480.88
1493357097.29,-60.58, -356.93, -216.14, -142.39, -917.94, -305.88, -494.71, -482.94
1493357098.22,-697.43, -59.75, -326.71, -670.45, -90.30, -189.41, -537.06, -616.18
1493357098.49,-887.72, -30.66, -262.71, -753.74, -65.00, -156.18, -556.47, -644.12
1493357098.76,-805.72, -13.99, -249.00, -745.08, -60.00, -124.71, -527.65, -609.12
1493357099.04,-736.29, -10.88, -300.43, -717.02, -62.06, -112.06, -337.06, -381.77
1493357099.4,-672.58, -101.84, -319.29, -465.68, -134.12, -109.12, -3.82, -16.18
1493357099.77,-215.43, -967.66, -436.71, -138.21, -897.94, -182.06, -3.53, -4.41
1493357100.14,-247.15, -2299.58, -612.71, -122.09, -1445.59, -345.00, -6.18, -44.12
1493357100.5,-234.00, -1719.64, -613.57, -163.59, -1362.65, -504.12, -9.41, -79.71
1493357100.87,-220.58, -1613.14, -679.29, -217.92, -1188.53, -600.00, -12.06, -92.35
1493357101.23,-160.29, -1218.23, -464.71, -177.32, -1004.71, -364.71, -15.59, -49.41
1493357101.6,-182.29, -1306.08, -385.86, -150.15, -1145.88, -329.71, -40.88, -74.71
1493357101.87,-164.29, -1203.82, -495.29, -219.11, -1158.82, -371.77, -50.30, -81.77
1493357102.06,-241.15, -1105.23, -489.57, -269.86, -1125.00, -383.53, -55.59, -109.12
1493357102.24,-274.00, -1130.94, -477.29, -329.86, -1066.18, -413.83, -89.71, -143.24
1493357102.42,-327.43, -1163.14, -531.57, -392.54, -1065.00, -435.30, -127.35, -145.00
1493357102.61,-328.00, -1255.80, -545.86, -405.08, -1015.59, -434.41, -125.30, -112.65
1493357102.97,-314.86, -1132.35, -537.29, -433.74, -814.41, -384.12, -34.41, -43.53
1493357103.34,-518.29, -1080.66, -633.86, -558.51, -503.53, -441.77, -57.35, -98.83
1493357103.7,-456.58, -1115.97, -604.43, -562.69, -475.59, -509.12, -50.59, -56.47
1493357104.56,-384.86, -1067.10, -498.43, -456.42, -467.65, -434.71, -13.82, 20.59
1493357105.06,-617.72, -941.11, -453.29, -582.39, -551.47, -603.53, -49.41, -91.47
1493357105.51,-576.86, -940.55, -553.29, -686.27, -534.71, -536.18, -90.88, -128.53
1493357105.79,-528.86, -797.89, -543.57, -670.75, -412.06, -503.24, -81.47, -117.06
1493357106.15,-465.43, -675.57, -557.00, -613.14, -399.41, -448.24, -70.88, -86.18
1493357106.43,-420.86, -675.01, -508.71, -568.66, -375.88, -404.71, -61.18, -75.00
1493357106.7,-452.00, -755.23, -560.43, -619.41, -378.82, -391.77, -54.71, -72.94
1493357106.98,-506.00, -911.73, -545.29, -689.26, -424.41, -450.59, -46.47, -60.88
1493357107.25,-554.29, -930.66, -551.00, -718.21, -387.94, -474.41, -40.00, -52.06
1493357107.53,-556.00, -932.07, -533.29, -667.17, -366.77, -447.35, -31.77, -49.12
1493357107.8,-532.00, -928.12, -555.86, -608.66, -345.00, -402.94, -27.35, -43.83
1493357108.17,-462.00, -882.64, -579.29, -533.74, -352.94, -337.35, -27.94, -42.65
1493357108.62,-420.58, -789.98, -545.86, -409.86, -274.71, -332.06, -31.77, -50.88
1493357108.99,-395.72, -707.78, -548.14, -414.93, -346.77, -304.71, -28.82, -43.83
1493357109.35,-538.58, -791.11, -463.29, -528.06, -439.12, -381.18, -23.82, -34.12
1493357109.63,-589.43, -915.12, -421.00, -585.38, -423.24, -381.47, -37.94, -47.06
1493357109.99,-570.58, -899.87, -354.14, -563.59, -397.35, -341.77, -37.94, -57.35
1493357110.45,-466.58, -854.95, -340.71, -547.47, -377.35, -334.41, -64.71, -106.18
1493357110.82,-474.86, -687.72, -356.14, -609.86, -313.82, -340.00, -40.59, -77.35
1493357111.09,-454.58, -695.35, -372.43, -561.50, -354.41, -322.35, -86.47, -147.06
1493357111.36,-386.58, -485.74, -365.86, -673.44, -274.71, -340.30, -175.59, -242.06
1493357111.73,-398.29, -406.36, -399.86, -815.23, -289.12, -344.41, -382.94, -395.00
1493357112.1,-414.58, -343.09, -429.86, -954.33, -320.59, -373.24, -541.77, -540.59
1493357112.46,-424.58, -267.66, -416.43, -999.11, -292.94, -410.88, -640.00, -642.94
1493357112.92,-399.15, -168.79, -395.57, -964.78, -244.41, -355.30, -818.24, -809.41
1493357113.2,-371.15, -98.74, -416.43, -1034.63, -229.41, -378.53, -909.41, -856.47
1493357113.56,-405.43, -101.00, -425.86, -1145.38, -288.53, -415.88, -1018.53, -953.83
1493357113.83,-450.29, -96.19, -423.29, -1172.54, -267.35, -425.00, -1105.00, -1002.06
1493357114.2,-419.15, -34.61, -416.71, -1102.99, -197.35, -366.47, -1222.35, -1083.53
1493357114.57,-366.29, -7.21, -379.00, -1042.99, -197.35, -357.94, -1314.71, -1173.24
1493357114.93,-400.00, 11.43, -392.14, -1168.36, -176.18, -369.12, -1400.00, -1243.53
1493357115.3,-463.72, 9.74, -396.71, -1255.53, -145.00, -414.41, -1182.94, -1085.30
1493357115.67,-513.43, 10.02, -386.71, -1231.05, -150.59, -378.53, -1235.30, -1083.83
1493357116.03,-456.00, 20.19, -377.00, -1090.15, -121.47, -328.83, -1214.12, -1092.06
1493357116.39,-425.43, 21.32, -341.86, -988.36, -103.53, -301.18, -1250.30, -1109.12
1493357116.85,-415.43, 22.73, -325.29, -990.75, -100.30, -321.18, -1211.18, -1024.41
1493357117.31,-455.72, 21.04, -325.86, -1051.35, -99.12, -342.94, -1153.53, -987.94
1493357117.68,-506.29, 21.60, -305.29, -956.12, -90.59, -317.35, -1086.77, -923.53
1493357117.95,-473.15, 22.17, -304.14, -908.96, -90.88, -285.88, -1077.06, -894.71
1493357118.23,-466.58, 20.75, -298.43, -883.29, -97.94, -289.71, -971.18, -800.30
1493357118.5,-496.58, 17.65, -292.14, -923.29, -94.12, -327.94, -829.71, -769.12
1493357118.86,-534.00, 13.97, -311.29, -997.02, -122.35, -315.30, -909.71, -765.59
1493357119.23,-564.29, 11.71, -299.57, -946.87, -132.65, -372.06, -782.94, -645.88
1493357119.69,-598.29, 15.10, -379.00, -865.68, -153.24, -395.30, -700.00, -598.24
1493357120.05,-577.15, 19.34, -382.71, -792.54, -162.94, -373.24, -787.35, -682.65
1493357120.42,-556.58, 20.75, -361.29, -763.59, -145.00, -362.35, -919.71, -785.00
1493357120.79,-506.86, 20.75, -363.57, -803.29, -154.71, -334.12, -1143.24, -967.94
1493357121.24,-551.72, 19.91, -333.00, -874.03, -186.77, -370.88, -1264.71, -1055.00
1493357121.7,-687.43, 17.08, -327.57, -1024.18, -194.12, -434.12, -1336.18, -1098.24
1493357121.97,-767.72, 12.84, -373.86, -996.42, -195.88, -436.77, -1326.18, -1072.65
1493357122.34,-773.15, 11.71, -363.29, -925.68, -204.12, -402.65, -1298.53, -985.59
1493357122.71,-734.00, 14.82, -326.43, -798.81, -153.24, -364.12, -1102.35, -900.30
1493357123.07,-655.43, 15.10, -285.57, -697.62, -120.00, -320.88, -1012.65, -848.53
1493357123.53,-746.29, 11.43, -234.71, -830.75, -187.06, -322.94, -986.18, -859.71
1493357123.98,-938.86, 8.89, -228.43, -871.05, -193.82, -350.59, -917.35, -783.53
1493357124.26,-841.15, 14.54, -220.14, -722.09, -116.47, -342.35, -743.24, -755.88
1493357124.63,-708.58, 14.82, -227.29, -608.06, -117.65, -291.18, -670.59, -685.88
1493357124.99,-603.43, 14.54, -212.43, -562.99, -112.65, -292.35, -728.82, -666.77
1493357125.45,-622.29, 14.82, -216.43, -589.26, -98.24, -282.35, -770.88, -680.30
1493357125.91,-590.86, 13.41, -215.00, -667.47, -113.82, -240.59, -800.00, -728.24
1493357126.36,-503.72, 10.87, -197.00, -733.44, -167.65, -293.83, -786.47, -791.18
1493357126.73,-760.29, 5.50, -188.71, -853.74, -246.47, -305.59, -802.06, -816.18
1493357127.09,-779.43, 4.37, -194.43, -866.57, -245.59, -302.06, -801.47, -767.94
1493357127.64,-658.58, 7.76, -189.29, -748.36, -175.88, -263.53, -818.53, -708.53
1493357128.01,-494.86, 12.00, -186.43, -655.83, -150.30, -260.59, -810.59, -695.00
1493357128.38,-502.00, 12.84, -185.29, -624.18, -149.41, -279.12, -806.77, -693.24
1493357128.65,-491.72, 11.71, -153.00, -646.87, -211.18, -288.24, -765.88, -692.65
1493357128.92,-570.00, 5.50, -123.29, -583.59, -337.35, -277.35, -675.59, -640.59
1493357129.29,-646.58, 2.39, -119.00, -313.74, -416.18, -197.35, -500.00, -411.47
1493357129.75,-91.43, -94.50, -133.86, -52.84, -681.77, -527.06, -380.00, -491.77
