1493357154.55,-565.00, 
1493357154.55,-105.72, -413.14, -165.86, -195.83, -716.77, -394.71, -472.94, -478.83
1493357154.55,-74.58, -377.55, -134.71, -151.65, -902.35, -349.41, 2
1493357154.55,-105.72, -413.14, -165.86, -195.83, -716.77, -394.71, -472.94, -478.83
1493357155.57,-74.58, -377.55, -134.71, -151.65, -902.35, -349.41, -707.43, 5.50, -211.00, -399.71, -102.94, -73.53, -217.35, -262.35
1493357155.84,-374.86, -131.22, -306.43, -254.03, -194.41, -110.88, -21.77, -17.65
1493357156.12,-268.29, -918.79, -532.71, -176.42, -918.24, -177.65, -6.77, 2.94
1493357156.39,-241.72, -1780.09, -647.29, -188.96, -1402.94, -331.18, -11.18, 1.17
1493357156.76,-314.86, -2222.18, -633.57, -218.21, -1334.41, -390.00, -15.30, -38.24
1493357157.13,-428.58, -1904.95, -436.71, -264.78, -1094.41, -335.00, -55.00, -33.53
1493357157.49,-367.72, -1362.01, -379.00, -283.29, -1054.12, -285.88, 22.35, -65.00
1493357157.86,-316.86, -1287.72, -422.14, -205.38, -1080.59, -291.18, -84.12, -130.88
1493357158.31,-194.86, -1407.49, -546.71, -329.56, -940.88, -345.30, -202.94, -184.71
1493357158.68,-210.86, -1164.84, -690.14, -448.66, -698.82, -302.94, -480.00, -473.53
1493357158.95,-157.15, -971.62, -639.57, -415.83, -596.18, -345.30, -208.24, -203.83
1493357159.14,-260.58, -861.45, -529.29, -501.20, -495.30, -300.00, -102.65, -116.77
1493357159.32,-502.00, -929.25, -577.00, -703.59, -370.59, -303.83, -56.18, -67.06
1493357159.5,-740.00, -959.75, -654.71, -727.47, -347.35, -371.18, -24.71, -26.77
1493357159.69,-790.86, -1117.95, -650.43, -725.98, -465.30, -422.35, -4.71, -3.53
1493357159.87,-934.58, -1297.32, -649.29, -719.11, -537.06, -448.83, 4.12, -2.35
1493357160.23,-927.72, -1854.10, -692.43, -758.51, -903.53, -317.94, -39.12, -62.06
1493357160.6,-1053.72, -1935.18, -831.29, -1146.27, -702.35, -405.59, -132.65, -151.18
1493357160.97,-1023.72, -1614.84, -750.43, -1187.77, -676.77, -417.65, -93.82, -100.00
1493357161.42,-942.58, -1277.55, -801.86, -857.02, -775.59, -450.00, -85.30, -72.35
1493357161.88,-941.15, -1012.58, -811.86, -775.83, -480.30, -368.53, -85.00, -85.88
1493357162.25,-747.15, -848.45, -501.86, -595.83, -605.88, -427.94, -47.35, -37.35
1493357162.61,-788.58, -946.19, -513.00, -534.63, -878.82, -387.65, -42.06, -28.24
1493357162.88,-678.29, -1008.62, -467.57, -456.42, -610.88, -412.06, -43.24, -25.59
1493357163.16,-660.86, -712.58, -396.43, -407.17, -478.53, -442.65, -57.06, -51.47
1493357163.43,-560.58, -551.28, -398.43, -431.35, -602.06, -582.65, -54.12, -30.88
1493357163.71,-551.43, -459.47, -294.71, -317.32, -699.71, -657.94, -31.47, -15.59
1493357163.98,-560.86, -457.49, -275.29, -305.98, -733.82, -651.77, -24.71, -14.41
1493357164.26,-655.43, -683.77, -272.14, -364.78, -597.35, -547.94, -19.12, -26.18
1493357164.53,-766.86, -802.13, -443.86, -530.75, -536.18, -469.41, -19.12, -33.53
1493357164.81,-822.58, -1136.59, -498.14, -613.74, -504.71, -386.47, -19.71, -31.47
1493357165.08,-894.00, -1215.40, -550.71, -606.27, -463.82, -316.18, -19.12, -34.41
1493357165.63,-822.86, -1312.01, -557.86, -562.99, -480.59, -255.30, -42.35, -75.00
1493357165.99,-810.29, -1441.39, -586.71, -716.42, -565.59, -300.88, -62.06, -87.06
1493357166.36,-803.43, -1322.47, -628.71, -700.00, -500.00, -349.41, -62.06, -80.88
1493357166.73,-695.72, -1083.20, -573.57, -599.71, -433.53, -321.77, -72.65, -75.30
1493357167.09,-642.86, -971.90, -508.43, -514.33, -389.41, -339.12, -65.88, -63.24
1493357167.46,-611.15, -903.26, -530.14, -458.81, -324.41, -306.77, -70.30, -65.00
1493357167.82,-492.29, -800.43, -533.00, -360.30, -318.53, -267.65, -74.12, -70.59
1493357168.1,-392.58, -743.65, -497.00, -303.89, -283.53, -217.06, -80.30, -80.30
1493357168.37,-391.43, -742.81, -531.86, -405.38, -309.41, -195.88, -80.30, -95.59
1493357168.65,-443.72, -799.02, -576.14, -581.80, -344.12, -235.88, -90.30, -121.77
1493357169.01,-521.43, -732.07, -601.00, -663.59, -327.35, -274.12, -82.65, -98.83
1493357169.38,-510.29, -693.94, -579.29, -549.56, -313.24, -230.00, -111.77, -140.59
1493357169.75,-448.86, -580.94, -574.71, -577.02, -323.82, -233.24, -154.41, -174.12
1493357170.11,-456.58, -532.07, -646.43, -708.36, -335.88, -298.53, -197.06, -234.71
1493357170.47,-517.43, -461.45, -620.71, -854.03, -368.53, -318.53, -379.12, -385.30
1493357170.93,-488.86, -338.85, -598.14, -898.21, -352.06, -295.30, -573.82, -580.30
1493357171.3,-459.43, -262.58, -605.00, -1026.87, -307.35, -333.83, -742.65, -743.53
1493357171.67,-517.15, -234.61, -568.71, -1174.33, -394.41, -340.59, -869.71, -847.65
1493357172.03,-496.29, -135.46, -530.14, -1058.51, -307.65, -280.88, -964.12, -908.24
1493357172.49,-442.00, -74.16, -547.57, -968.36, -262.94, -250.00, -1077.65, -996.18
1493357172.85,-356.29, -3.82, -445.00, -851.65, -180.88, -267.94, -1115.88, -1036.18
1493357173.22,-400.58, 10.87, -399.86, -968.36, -205.30, -282.65, -1245.59, -1162.35
1493357173.49,-493.15, 16.80, -416.71, -1102.09, -140.00, -320.59, -1236.77, -1130.88
1493357173.77,-508.00, 22.17, -389.57, -1110.75, -141.47, -303.53, -1294.41, -1169.71
1493357174.23,-516.58, 21.88, -395.00, -1106.27, -126.47, -286.77, -1442.94, -1263.83
1493357174.68,-497.15, 20.19, -382.43, -1046.87, -126.18, -265.59, -1311.18, -1123.24
1493357174.96,-548.86, 20.75, -381.86, -1074.03, -129.41, -260.00, -1287.35, -1090.59
1493357175.23,-585.15, 20.19, -383.86, -1107.17, -154.71, -280.59, -1349.41, -1112.06
1493357175.6,-645.15, 19.34, -391.57, -1153.44, -186.77, -321.18, -1305.59, -1002.35
1493357176.05,-701.72, 19.34, -365.86, -1084.78, -156.47, -312.94, -1138.24, -942.94
1493357176.51,-693.72, 20.75, -365.57, -949.86, -116.47, -276.18, -1005.88, -803.83
1493357176.88,-642.58, 19.06, -337.00, -736.42, -93.53, -263.53, -772.94, -639.12
1493357177.15,-588.86, 19.34, -306.71, -620.90, -98.53, -252.65, -847.94, -702.06
1493357177.43,-575.43, 20.19, -300.43, -631.95, -101.47, -255.00, -980.00, -835.88
1493357177.79,-583.15, 20.75, -322.71, -686.57, -117.06, -252.94, -1182.94, -1003.24
1493357178.16,-674.00, 17.93, -347.29, -870.45, -140.00, -261.18, -1289.71, -1080.59
1493357178.61,-856.29, 12.00, -355.86, -1048.36, -182.35, -302.35, -1386.47, -1132.06
1493357178.98,-1035.15, 8.89, -380.14, -1070.75, -169.71, -278.24, -1297.35, -1070.00
1493357179.26,-1005.72, 11.43, -352.14, -972.24, -150.59, -262.65, -1105.88, -837.06
1493357179.62,-908.86, 15.67, -267.57, -654.63, -109.41, -269.41, -705.00, -670.30
1493357179.99,-735.43, 15.67, -195.86, -502.09, -80.30, -246.77, -697.06, -694.12
1493357180.44,-636.00, 13.41, -162.71, -604.18, -79.71, -215.30, -712.65, -771.77
1493357180.81,-783.72, 8.89, -196.14, -702.99, -95.00, -227.94, -739.41, -768.83
1493357181.27,-786.58, 8.61, -221.57, -690.45, -96.47, -212.65, -721.47, -730.00
1493357181.63,-700.29, 10.58, -216.71, -590.45, -95.59, -206.18, -704.41, -715.59
1493357182.0,-755.15, 9.74, -254.14, -545.68, -106.47, -197.65, -677.65, -714.12
1493357182.37,-731.72, 9.74, -215.86, -519.71, -121.47, -194.71, -690.00, -687.06
1493357182.82,-637.72, 11.15, -190.71, -463.29, -100.30, -200.30, -642.06, -675.00
1493357183.28,-605.43, 11.15, -188.71, -521.20, -110.30, -203.53, -681.47, -681.77
1493357183.64,-652.00, 9.17, -191.29, -706.57, -135.59, -249.12, -667.94, -719.71
1493357184.01,-733.43, 7.48, -195.00, -715.53, -147.65, -243.24, -601.18, -480.59
1493357184.28,-614.29, 13.41, -226.14, -474.63, -140.30, -197.35, -274.71, -240.00
1493357184.74,-518.00, 17.08, -289.00, -983.89, -63.82, -248.83, -356.18, -393.24
1493357185.11,-542.86, 18.21, -192.14, -652.24, -50.30, -263.83, -552.35, -565.88
1493357185.47,-479.15, 1.26, -170.14, -682.39, -91.18, -240.88, -433.82, -370.00
1493357185.84,-10900.86, 8.32, -181.57, -581.80, -150.88, -233.24, -334.71, -322.06
1493357186.2,-452.00, 13.41, -128.14, -357.32, -126.18, -137.35, -413.24, -397.06
1493357186.66,-535.43, 10.30, -139.57, -425.08, -120.88, -157.06, -506.47, -484.71
1493357187.12,-602.58, 6.35, -114.14, -648.36, -195.30, -151.47, -590.59, -519.71
1493357187.58,-814.58, 5.50, -125.86, -748.06, -195.00, -218.24, -594.71, -559.71
1493357188.03,-827.43, 4.37, -164.43, -772.54, -191.18, -190.88, -599.41, -519.12
1493357188.4,-735.72, 8.32, -182.71, -738.51, -121.18, -183.24, -629.41, -555.00
1493357188.76,-734.29, 5.22, -221.00, -797.02, -101.77, -132.65, -552.06, -514.71
1493357189.22,-578.00, 8.89, -183.00, -414.93, -177.06, -120.59, -377.06, -415.00
1493357189.59,-485.72, 6.63, -235.57, -417.92, -119.71, -109.12, -444.12, -404.41
1493357190.05,-436.86, 7.19, -202.43, -470.75, -231.18, -198.53, -476.47, -463.83
1493357190.41,-627.72, 3.24, -160.14, -585.68, -283.53, -234.12, -472.94, -476.77
1493357190.77,-771.43, 4.65, -201.29, -590.75, -216.47, -160.30, -473.53, -435.88
1493357191.14,-513.15, 9.4, -243.29, -874.33, -182.94, -133.83, -568.24, -467.06
1493357191.51,-360.29, -7.21, -325.29, -664.48, -386.47, -140.59, -440.59, -362.94
1493357191.87,-283.15, -11.45, -381.00, -438.51, -403.53, -221.18, -434.12, -349.71
1493357192.24,-105.43, -75.01, -236.71, -134.33, -752.65, -317.35, -383.82, -302.06
1493357192.52,-40.00, -147.89, -143.00, -90.15, -981.77, -339.71, -358.24, -306.77
