1493356925.65,-491.77
1493356925.65,-687.06,  -331.79, -154.43, -222.99, -1040.59, -458.53, -691.18, -650.00
1493356925.65,-69.15, -270.21, -166.43, -199.41, -1030.88, -415.88, -687.06,  -331.79, -154.43, -222.99, -1040.59, -458.53, -691.18, -650.00
1493356926.58,-69.15, -270.21, -166.43, -199.41, -1030.88, -415.88, -687.06, -513.15, 10.02, -419.57, -566.87, -115.88, -236.77, -626.47, -538.83
1493356926.86,-876.00, 16.23, -419.86, -858.51, -101.77, -307.35, -707.65, -553.53
1493356927.13,-1014.58, 6.91, -458.43, -984.78, -93.53, -259.41, -695.59, -554.12
1493356927.41,-898.58, 5.22, -417.57, -871.05, -92.35, -224.41, -581.77, -509.12
1493356927.77,-757.43, -1.56, -305.86, -536.72, -206.18, -120.00, -97.35, -74.41
1493356928.14,-271.72, -497.32, -315.57, -95.83, -596.77, -130.88, -10.00, -0.88
1493356928.5,-122.58, -1366.53, -436.43, -86.57, -1126.77, -248.83, -7.35, -0.59
1493356928.87,-207.15, -2434.90, -573.00, -105.68, -1505.30, -402.65, 7.06, -41.18
1493356929.23,-234.58, -2160.04, -658.43, -179.41, -1495.88, -409.41, -30.00, -98.83
1493356929.6,-141.43, -1519.92, -634.71, -125.08, -1252.35, -474.71, -70.30, -119.12
1493356929.97,-97.43, -1554.67, -449.57, -114.63, -1180.00, -305.88, -32.06, -43.53
1493356930.24,-157.43, -1798.45, -447.00, -145.98, -1317.65, -310.88, -49.71, -36.77
1493356930.43,-193.15, -1753.26, -473.29, -173.44, -1289.71, -363.83, -43.82, -55.59
1493356930.61,-220.86, -1649.02, -475.29, -203.89, -1310.59, -377.35, -35.88, -76.18
1493356930.79,-230.29, -1605.80, -485.86, -220.90, -1268.53, -432.35, -67.65, -109.12
1493356930.97,-185.43, -1550.71, -568.14, -208.96, -1305.59, -454.12, -79.12, -128.24
1493356931.34,-115.72, -1271.90, -558.43, -151.65, -1233.82, -379.12, -132.06, -119.71
1493356931.7,-132.00, -1339.13, -540.43, -219.41, -1013.82, -280.88, -71.18, -60.00
1493356932.07,-336.58, -1887.72, -492.14, -405.98, -1118.53, -315.00, -29.41, -42.65
1493356932.53,-595.43, -1826.99, -561.57, -690.15, -747.65, -560.30, -33.53, -35.88
1493356932.99,-570.58, -1431.22, -712.14, -444.78, -755.88, -517.06, -36.77, -56.77
1493356933.35,-517.43, -1344.50, -580.14, -523.29, -752.06, -477.65, -130.88, -186.47
1493356933.71,-589.15, -1315.12, -641.00, -841.80, -803.24, -533.53, -155.88, -200.59
1493356933.99,-570.29, -1326.99, -544.43, -966.57, -599.71, -537.65, -105.88, -138.24
1493356934.26,-602.86, -1225.86, -541.86, -920.30, -462.06, -515.00, -79.71, -100.59
1493356934.54,-571.43, -986.59, -553.86, -887.47, -295.59, -480.88, -89.41, -116.18
1493356934.81,-614.86, -651.00, -561.57, -912.24, -279.41, -563.53, -63.24, -62.94
1493356935.09,-692.58, -740.26, -507.00, -803.89, -347.35, -608.24, -46.47, -44.41
1493356935.36,-684.00, -888.00, -598.14, -849.56, -346.18, -556.47, -50.59, -47.35
1493356935.64,-645.15, -749.87, -585.57, -708.96, -260.88, -490.00, -54.71, -44.12
1493356935.91,-608.58, -695.91, -530.71, -635.23, -305.59, -437.35, -41.47, -43.53
1493356936.18,-549.72, -768.79, -544.43, -656.72, -334.71, -426.47, -62.06, -85.88
1493356936.73,-594.58, -654.95, -555.86, -844.18, -346.77, -386.18, -193.53, -260.88
1493356937.47,-487.72, -558.06, -507.86, -960.60, -265.59, -383.53, -445.30, -443.24
1493356937.83,-456.29, -312.86, -549.86, -994.63, -257.94, -382.06, -556.47, -550.00
1493356938.2,-428.00, -268.23, -583.29, -975.83, -307.94, -341.18, -737.65, -714.71
1493356938.65,-442.29, -246.48, -535.00, -1046.27, -267.65, -337.06, -844.71, -828.53
1493356938.93,-336.58, -137.44, -509.29, -922.69, -234.41, -317.35, -912.94, -867.94
1493356939.2,-295.43, -113.99, -463.29, -898.21, -243.24, -314.41, -973.24, -926.18
1493356939.48,-354.86, -123.88, -487.00, -1072.24, -232.35, -332.65, -1006.18, -967.35
1493356939.75,-429.15, -120.49, -509.00, -1169.56, -216.77, -386.47, -1040.30, -982.06
1493356940.12,-478.86, -121.05, -503.00, -1221.50, -228.82, -398.53, -1090.30, -1041.47
1493356940.58,-450.86, -104.10, -511.86, -1232.84, -194.71, -381.47, -1126.47, -1049.41
1493356940.94,-417.72, -52.41, -459.86, -1070.45, -177.06, -319.12, -1099.12, -1020.59
1493356941.21,-385.43, -33.20, -447.86, -975.53, -170.88, -290.88, -1125.30, -1034.12
1493356941.58,-366.86, -17.10, -423.57, -970.15, -166.47, -302.06, -2447.65, -1080.00
1493356942.04,-415.43, -16.53, -448.14, -1188.96, -172.94, -353.24, -1294.12, -1176.47
1493356942.4,-472.86, -2.41, -450.71, -1260.30, -193.53, -375.30, -1371.18, -1245.00
1493356942.86,-474.29, 3.24, -448.14, -1248.66, -195.88, -340.88, -1447.35, -1295.30
1493356943.14,-419.15, 19.34, -1805.00, -1134.33, -147.94, -333.83, -1455.00, -1312.35
1493356943.5,-384.58, 22.17, -397.29, -1044.78, -119.41, -308.24, -1408.53, -1263.24
1493356943.87,-345.43, 20.47, -372.14, -932.54, -102.94, -281.77, -1254.71, -1159.12
1493356944.23,-357.43, 21.88, -361.29, -967.47, -108.53, -296.18, -1262.35, -1099.12
1493356944.51,-468.58, 16.23, -380.14, -1081.80, -127.35, -332.65, -1192.35, -1052.94
1493356944.87,-522.00, 14.82, -372.14, -1061.80, -133.24, -327.94, -1091.18, -954.41
1493356945.33,-531.43, 19.06, -369.86, -961.20, -99.12, -293.53, -939.71, -806.47
1493356945.7,-490.86, 22.45, -345.29, -811.05, -91.77, -276.18, -784.71, -657.94
1493356946.06,-502.29, 21.60, -333.29, -745.38, -94.12, -267.94, -832.65, -709.12
1493356946.33,-501.72, 21.32, -322.71, -722.69, -99.71, -265.30, -938.53, -798.83
1493356946.7,-558.58, 21.04, -340.14, -880.60, -119.12, -287.35, -1078.53, -919.12
1493356947.25,-693.43, 17.08, -369.29, -1056.42, -182.06, -326.47, -1309.71, -1108.83
1493356947.62,-770.00, 17.93, -375.57, -1119.41, -184.41, -313.83, -1397.94, -1129.71
1493356947.98,-738.86, 18.78, -355.29, -1047.47, -130.59, -289.41, -1383.82, -1076.77
1493356948.26,-733.72, 18.21, -321.57, -948.36, -141.47, -289.41, -1380.88, -1128.24
1493356948.53,-743.15, 18.21, -311.57, -876.72, -134.41, -287.06, -1356.18, -1106.18
1493356948.89,-683.72, 18.49, -299.29, -772.24, -127.06, -290.88, -1360.00, -1026.18
1493356949.35,-752.00, 14.82, -325.86, -957.32, -107.35, -277.35, -1283.24, -983.53
1493356949.81,-849.15, 15.10, -336.14, -887.47, -94.12, -229.12, -1101.18, -826.18
1493356950.09,-790.29, 17.08, -304.71, -774.03, -83.53, -234.41, -1011.77, -785.88
1493356950.36,-753.15, 15.39, -283.29, -769.86, -109.71, -222.06, -867.35, -801.47
1493356950.73,-710.58, 12.56, -277.57, -653.74, -159.41, -197.06, -729.12, -720.00
1493356951.09,-611.15, 12.84, -249.86, -550.15, -200.30, -222.06, -665.00, -627.65
1493356951.55,-548.86, 15.67, -201.86, -465.68, -102.06, -251.18, -748.53, -612.06
1493356951.91,-598.29, 15.95, -233.29, -621.50, -88.24, -269.71, -799.41, -657.35
1493356952.46,-766.58, 12.28, -226.71, -850.15, -156.18, -299.41, -829.41, -676.77
1493356952.92,-853.72, 11.15, -302.43, -738.21, -120.00, -273.83, -781.47, -617.94
1493356953.38,-716.29, 12.84, -282.71, -680.60, -112.65, -249.71, -725.30, -609.41
1493356953.74,-578.86, 13.41, -283.29, -522.39, -130.00, -244.12, -629.41, -599.71
1493356954.11,-580.86, 13.41, -279.86, -491.05, -168.82, -240.88, -625.59, -610.59
1493356954.47,-528.29, 13.69, -273.00, -488.36, -161.18, -216.47, -717.94, -597.35
1493356954.84,-542.58, 14.82, -237.86, -451.65, -122.35, -215.59, -757.65, -597.35
1493356955.3,-555.15, 14.54, -214.14, -533.44, -112.35, -246.18, -822.65, -664.41
1493356955.76,-694.00, 10.58, -250.71, -745.98, -138.24, -280.30, -855.00, -685.30
1493356956.03,-743.72, 10.02, -240.71, -743.29, -143.24, -280.00, -846.18, -664.41
1493356956.3,-676.58, 11.43, -239.29, -687.77, -130.30, -238.53, -821.77, -635.59
1493356956.58,-575.72, 12.84, -240.14, -621.20, -109.12, -228.83, -802.35, -619.12
1493356956.85,-546.29, 13.97, -241.00, -550.15, -97.65, -236.77, -757.94, -600.88
1493356957.31,-517.43, 15.67, -271.86, -715.53, -140.59, -181.77, -737.94, -639.12
1493356957.86,-465.15, 8.32, -287.00, -754.63, -355.00, -245.30, -796.77, -600.00
1493356958.32,-288.29, -3.26, -234.14, -405.98, -652.65, -346.47, -729.71, -538.53
1493356958.68,-118.86, -106.65, -161.29, -282.99, -1105.30, -452.06, -660.00, -498.83
1493356959.04,-75.43, -375.01, -170.14, -197.02, -1250.00, -455.30, -606.77, -555.59
