1493358225.22,-44, -470.00
1493358225.22,-85.43, -645.63, -263.57, -136.72, -1060.88, -396.47, -477.94,  -571.05, -262.71, -133.74, -1043.24, -327.06, -505.00, -470.00
1493358225.23,-85.43, -645.63, -263.57, -136.72, -1060.88, -396.47, -477.94,  -571.05, -262.71, -133.74, -1043.24, -327.06, -505.00, -470.00
1493358226.24,-85.43, -645.63, -263.57, -136.72, -1060.88, -396.47, -477.94, -973.72, 5.50, -403.86, -763.29, -94.41, -570.30, -570.88, -617.06
1493358226.52,-1334.58, -96.48, -444.71, -1016.42, -428.82, -539.12, -709.41, -648.24
1493358226.79,-1438.86, -425.29, -463.86, -1203.59, -332.94, -227.35, -778.24, -700.88
1493358227.07,-1482.29, -337.72, -695.29, -1562.99, -160.59, -321.18, -835.88, -855.88
1493358227.44,-1532.58, -417.38, -809.29, -1871.65, -183.82, -306.77, -951.18, -765.00
1493358227.8,-1220.29, -161.73, -613.29, -1162.09, -53.82, -229.12, -533.53, -543.53
1493358228.17,-1004.00, -159.19, -562.14, -870.15, -53.53, -154.71, -459.12, -467.94
1493358228.53,-759.72, -97.89, -495.57, -704.78, -66.18, -168.53, -466.47, -440.30
1493358228.99,-616.86, -101.84, -463.86, -611.65, -44.41, -138.24, -470.00, -426.18
1493358229.35,-585.72, -78.68, -475.29, -605.08, -52.35, -125.88, -486.77, -434.71
1493358229.63,-612.00, -80.94, -473.86, -776.42, -75.30, -160.00, -502.06, -473.83
1493358229.81,-732.86, -117.10, -479.29, -911.35, -82.94, -167.65, -513.53, -470.59
1493358230.0,-794.29, -128.96, -520.71, -829.86, -75.00, -147.35, -508.24, -468.83
1493358230.18,-767.72, -140.26, -536.71, -833.14, -89.71, -148.24, -521.77, -475.30
1493358230.36,-768.00, -143.09, -505.29, -795.83, -89.41, -145.30, -517.35, -453.53
1493358230.55,-678.29, -126.14, -507.86, -742.39, -77.94, -130.88, -514.71, -493.53
1493358230.91,-853.72, -195.63, -531.00, -851.05, -146.18, -177.35, -589.41, -509.12
1493358231.27,-1168.58, -501.28, -500.43, -999.41, -374.71, -215.59, -572.06, -515.30
1493358231.64,-1098.00, -494.22, -479.00, -904.18, -245.88, -201.77, -529.41, -498.53
1493358232.1,-897.43, -267.38, -466.43, -708.96, -92.65, -195.00, -496.18, -463.83
1493358232.56,-758.86, -171.90, -499.29, -600.30, -60.30, -179.71, -490.00, -430.30
1493358232.92,-709.43, -142.52, -465.57, -503.89, -77.06, -150.59, -480.88, -414.12
1493358233.29,-690.00, -119.36, -459.00, -524.48, -63.24, -153.83, -488.82, -425.00
1493358233.56,-698.86, -112.86, -486.14, -639.11, -67.65, -170.59, -492.35, -453.53
1493358233.83,-791.43, -150.15, -484.14, -743.89, -93.24, -195.30, -500.59, -471.18
1493358234.29,-841.15, -156.08, -460.14, -727.47, -85.30, -195.00, -494.71, -451.18
1493358234.57,-750.86, -111.45, -467.57, -654.63, -59.12, -169.71, -502.65, -430.30
1493358234.84,-702.86, -92.52, -484.43, -600.00, -50.00, -167.94, -489.12, -417.94
1493358235.12,-681.72, -80.38, -462.14, -553.74, -55.00, -157.65, -482.94, -410.00
1493358235.39,-618.58, -87.72, -435.86, -492.54, -97.65, -130.59, -454.71, -380.59
1493358235.67,-539.72, -115.12, -397.29, -406.57, -109.41, -127.94, -423.24, -375.59
1493358236.12,-581.72, -62.86, -360.14, -368.06, -135.00, -171.47, -372.35, -404.71
1493358236.49,-636.29, -104.39, -336.14, -445.68, -209.12, -206.47, -439.71, -445.88
1493358236.85,-762.29, -110.04, -341.57, -446.27, -167.06, -195.00, -411.47, -388.83
1493358237.22,-645.15, -82.07, -400.14, -437.62, -125.00, -165.59, -435.59, -373.24
1493358237.59,-588.86, -148.74, -333.29, -373.14, -283.82, -115.59, -430.00, -350.00
1493358237.95,-563.43, -219.36, -336.43, -434.33, -348.24, -121.77, -457.06, -364.12
1493358238.41,-704.58, -456.65, -371.57, -466.87, -749.41, -165.30, -430.59, -330.30
1493358238.77,-491.72, -899.30, -415.29, -356.42, -1152.65, -236.77, -431.77, -322.65
1493358239.05,-401.43, -1335.46, -492.71, -305.68, -1502.65, -304.12, -450.59, -340.88
1493358239.32,-313.15, -1592.24, -515.57, -258.81, -1735.30, -404.12, -482.35, -364.71
1493358239.69,-242.29, -1807.49, -543.00, -225.68, -1967.94, -512.94, -491.18, -372.35
1493358240.05,-241.43, -2204.67, -666.71, -305.38, -2426.47, -652.94, -532.65, -430.30
1493358240.33,-234.00, -2787.16, -790.43, -307.17, -2853.82, -697.06, -580.59, -462.94
1493358240.7,-177.72, -2901.00, -852.43, -256.72, -3141.77, -701.47, -626.77, -537.06
1493358240.97,-164.00, -3137.72, -854.14, -246.87, -3386.18, -725.00, -613.53, -557.35
1493358241.42,-164.29, -3303.26, -907.86, -258.51, -3448.82, -814.12, -629.12, -570.59
1493358241.79,-174.00, -3152.69, -933.29, -248.96, -3176.77, -864.71, -628.82, -576.18
1493358242.16,-163.43, -2937.44, -908.71, -220.90, -3008.82, -873.24, -628.82, -573.24
1493358242.62,-165.15, -2728.68, -840.71, -219.71, -2865.30, -897.35, -615.00, -578.53
1493358243.07,-237.43, -2058.06, -935.57, -324.78, -1529.41, -1120.30, -605.00, -589.71
1493358243.44,-600.29, -866.25, -1007.29, -691.65, -572.94, -1321.18, -572.35, -546.18
1493358243.8,-1136.58, -283.20, -681.29, -937.92, -155.30, -852.65, -534.71, -419.71
1493358244.08,-1266.29, -43.37, -491.29, -897.02, -59.12, -482.94, -458.24, -340.88
1493358244.35,-1246.29, 6.35, -464.71, -939.11, -34.71, -421.18, -436.18, -351.77
1493358244.81,-1329.15, 6.91, -476.43, -883.59, -61.77, -291.18, -422.94, -320.00
1493358245.27,-978.58, 0.42, -339.86, -560.30, -212.06, -170.88, -365.30, -305.30
1493358245.63,-790.86, -4.67, -324.43, -428.96, -239.71, -196.47, -374.71, -328.83
1493358245.91,-792.29, -8.91, -275.57, -377.62, -225.00, -183.24, -380.00, -315.88
1493358246.18,-697.72, -4.39, -246.71, -360.90, -224.71, -143.53, -388.24, -302.94
1493358246.64,-648.00, -9.75, -239.29, -349.26, -238.82, -141.47, -388.24, -331.77
1493358247.1,-712.00, -18.51, -258.71, -457.32, -282.35, -168.83, -401.47, -373.24
1493358247.55,-815.15, -29.53, -270.71, -536.42, -334.12, -194.41, -410.59, -347.94
1493358247.83,-730.86, -26.14, -267.86, -481.20, -317.06, -165.88, -413.53, -332.35
1493358248.1,-673.15, -18.23, -271.57, -447.77, -279.71, -147.06, -411.18, -326.47
1493358248.47,-623.43, -6.65, -297.57, -453.14, -202.94, -136.47, -400.59, -319.12
1493358248.83,-560.58, 8.32, -276.71, -446.57, -110.00, -154.12, -368.24, -304.12
1493358249.29,-343.15, -5.52, -235.29, -279.71, -374.12, -148.24, -297.35, -362.06
1493358249.75,-116.86, -39.70, -154.14, -73.14, -415.00, -331.18, -297.65, -421.47
1493358250.11,-32.58, -137.44, -163.29, -39.41, -227.94, -349.71, -204.41, -265.59
