1493358040.78,215.59
1493358040.78,-43.15, -338.00, -162.14, -45.08, -826.77, -357.65, -236.47, -211.77
1493358040.78,-32.00, -273.03, .65, -769.12, -337.35, -265.30, -215.59
1493358040.78,-43.15, -338.00, -162.14, -45.08, -826.77, -357.65, -236.47, -211.77
1493358041.81,-32.00, -273.03, -665.72, 3.52, -256.14, -534.33, -80.88, -243.83, -424.41, -373.83
1493358042.08,-615.15, 2.39, -279.57, -661.20, -69.12, -231.18, -373.24, -402.35
1493358042.36,-609.72, -2.97, -332.71, -599.41, -87.65, -271.18, -392.65, -337.65
1493358042.63,-608.00, 0.42, -369.86, -455.83, -256.47, -107.06, -432.06, -420.59
1493358043.0,-532.00, -17.66, -521.00, -498.21, -170.00, -74.41, -485.30, -486.47
1493358043.36,-754.86, -25.57, -378.43, -642.69, -280.00, -113.53, -702.35, -739.41
1493358043.73,-944.00, -45.63, -281.00, -529.86, -217.65, -215.59, -615.88, -696.18
1493358044.1,-802.29, -3.26, -215.00, -491.95, -128.53, -130.30, -559.41, -633.24
1493358044.46,-640.58, -5.80, -161.57, -358.21, -150.59, -101.18, -524.71, -599.12
1493358044.83,-557.72, -1.56, -165.86, -436.42, -154.12, -122.06, -538.82, -624.41
1493358045.19,-695.43, -13.14, -171.57, -565.38, -219.12, -151.18, -584.71, -615.88
1493358045.38,-764.86, -26.42, -199.86, -578.51, -232.65, -107.35, -568.53, -546.47
1493358045.56,-683.72, -53.26, -255.00, -465.38, -253.24, -72.35, -489.41, -478.53
1493358045.74,-710.00, -45.63, -246.43, -448.96, -182.06, -82.94, -526.18, -431.47
1493358045.92,-597.43, -43.09, -292.14, -384.78, -232.65, -52.06, -491.18, -387.35
1493358046.11,-579.15, -72.47, -310.71, -325.98, -205.30, -63.53, -444.71, -398.53
1493358046.47,-582.58, -55.80, -264.43, -321.80, -152.94, -76.47, -436.77, -426.18
1493358046.84,-517.72, -76.14, -236.14, -283.89, -170.88, -57.65, -430.30, -408.24
1493358047.21,-702.86, -106.65, -206.43, -367.77, -137.06, -207.35, -446.77, -491.77
1493358047.66,-1081.15, -130.66, -378.71, -820.90, -389.41, -244.41, -593.24, -528.24
1493358048.12,-1178.00, -406.08, -363.29, -720.00, -326.18, -246.77, -592.94, -530.59
1493358048.48,-910.86, -177.27, -295.00, -542.39, -183.24, -206.18, -551.47, -478.24
1493358048.85,-675.43, -84.33, -318.71, -456.12, -133.82, -180.88, -518.53, -455.30
1493358049.12,-629.43, -71.34, -326.43, -425.98, -142.65, -146.77, -511.18, -446.47
1493358049.4,-586.00, -58.34, -302.14, -356.12, -222.35, -124.12, -482.35, -394.41
1493358049.86,-464.58, -106.93, -244.43, -232.54, -271.77, -125.30, -429.41, -380.59
1493358050.13,-432.58, -84.33, -247.00, -260.90, -336.77, -162.35, -408.82, -403.24
1493358050.4,-606.29, -89.98, -215.57, -363.29, -302.65, -202.06, -425.30, -425.88
1493358050.68,-672.00, -118.51, -218.43, -374.93, -281.47, -206.47, -415.59, -419.71
1493358050.95,-630.86, -78.12, -224.71, -317.62, -212.35, -185.30, -429.41, -390.30
1493358051.23,-538.29, -45.91, -229.29, -267.77, -161.18, -167.65, -420.30, -379.71
1493358051.68,-458.86, -37.16, -275.57, -222.99, -139.71, -131.77, -419.71, -353.24
1493358052.05,-445.43, -23.88, -251.57, -199.41, -144.12, -119.41, -422.35, -356.18
1493358052.42,-448.58, -28.40, -250.71, -263.59, -148.24, -132.35, -425.59, -360.00
1493358052.78,-526.29, -42.52, -247.57, -212.24, -238.53, -109.12, -418.24, -330.59
1493358053.15,-407.72, -64.27, -272.71, -252.84, -185.00, -123.53, -422.94, -361.47
1493358053.51,-491.15, -55.23, -267.86, -307.17, -255.00, -136.47, -423.24, -341.18
1493358053.97,-522.86, -195.06, -277.86, -253.74, -882.35, -176.47, -420.59, -306.18
1493358054.34,-267.15, -996.19, -394.71, -193.14, -1470.59, -333.53, -431.77, -338.24
1493358054.61,-159.43, -1597.04, -504.71, -161.20, -1890.00, -494.41, -493.24, -365.00
1493358054.89,-120.00, -2061.73, -643.00, -121.80, -2342.94, -612.35, -523.53, -433.24
1493358055.25,-70.58, -2470.77, -766.71, -111.35, -2787.65, -704.71, -586.18, -524.41
1493358055.62,-44.58, -2786.31, -846.71, -74.93, -3329.12, -774.41, -572.65, -527.35
1493358055.89,-38.29, -3126.70, -933.29, -65.98, -3305.88, -799.71, -533.53, -518.83
1493358056.26,-41.72, -3011.45, -929.86, -73.44, -2972.65, -824.12, -510.88, -504.41
1493358056.53,-54.58, -2781.22, -867.29, -72.54, -2907.35, -804.71, -496.47, -500.88
1493358056.99,-49.72, -2666.53, -837.29, -66.27, -2804.12, -835.30, -490.00, -497.06
1493358057.36,-65.72, -2618.51, -891.00, -89.86, -2591.77, -876.18, -504.12, -525.00
1493358057.72,-108.58, -2317.66, -997.29, -128.66, -1458.24, -1015.88, -497.06, -532.65
1493358058.27,-274.00, -934.33, -945.00, -382.69, -218.82, -890.00, -453.82, -442.65
1493358058.72,-945.43, -52.41, -441.57, -590.45, -79.41, -412.06, -362.94, -342.65
1493358059.09,-1151.43, 8.89, -316.14, -645.68, -55.30, -270.00, -369.71, -322.06
1493358059.37,-1088.58, 7.48, -323.29, -551.95, -85.88, -162.94, -344.71, -365.59
1493358059.64,-714.29, 4.09, -246.14, -406.27, -204.41, -90.88, -315.30, -332.94
1493358059.92,-553.72, 2.11, -187.57, -361.50, -273.53, -98.24, -336.47, -340.00
1493358060.37,-579.43, 0.70, -243.57, -546.27, -221.47, -126.47, -357.35, -358.24
1493358060.83,-619.43, 3.52, -298.14, -474.33, -250.00, -81.77, -350.00, -342.06
1493358061.19,-512.29, 3.52, -302.43, -434.33, -212.65, -59.41, -335.00, -346.18
1493358061.47,-387.15, 4.65, -279.57, -356.72, -207.65, -54.41, -317.94, -342.35
1493358061.74,-349.15, 4.65, -245.00, -312.84, -220.00, -65.30, -310.00, -338.53
1493358062.2,-361.15, 5.22, -248.71, -302.09, -190.00, -65.59, -321.18, -347.94
1493358062.75,-338.58, 4.94, -268.71, -332.84, -215.30, -66.47, -342.65, -359.41
1493358063.12,-410.00, 3.24, -275.00, -448.66, -288.53, -74.12, -362.65, -357.35
1493358063.39,-431.43, 2.39, -267.57, -451.95, -285.59, -84.12, -367.94, -343.83
1493358063.66,-415.43, 3.81, -259.57, -422.99, -258.82, -77.06, -363.53, -331.77
1493358064.03,-369.43, 4.65, -259.00, -387.77, -214.71, -73.24, -353.24, -337.65
1493358064.4,-357.72, 6.06, -253.29, -380.00, -225.88, -92.06, -393.53, -356.77
1493358064.85,-297.15, 1.55, -259.86, -422.09, -388.53, -91.18, -390.30, -382.65
1493358065.22,-367.43, -0.43, -247.86, -486.87, -410.00, -143.83, -412.06, -363.83
1493358065.49,-379.15, 0.42, -263.86, -447.47, -402.06, -144.71, -370.30, -355.30
1493358065.86,-308.86, 2.11, -209.00, -365.38, -385.00, -150.30, -337.35, -377.06
1493358066.22,-194.86, -0.15, -149.86, -227.47, -368.53, -190.30, -280.30, -351.77
1493358066.59,-70.00, -13.71, -110.71, -39.11, -522.35, -422.35, -316.77, -437.65
