1493358467.35,43, -60.00, -920.88, -285.00, -333.24, -368.83
1493358468.29,-12.58, -784.90, -209.57, -53.44, -937.94, -317.94, -465.72, -13.14, -223.86, -385.08, -80.30, -347.35, -267.35, -222.94
1493358468.56,-462.00, -4.95, -224.14, -499.71, -105.30, -375.59, -317.94, -262.94
1493358468.84,-573.43, -182.92, -339.86, -645.68, -220.88, -130.00, -404.12, -347.35
1493358469.11,-568.29, -279.53, -303.86, -358.51, -217.65, -122.35, -284.12, -356.18
1493358469.48,-704.00, -432.64, -274.14, -746.27, -225.00, -209.12, -567.06, -668.53
1493358469.84,-837.15, -432.07, -240.71, -641.80, -175.59, -305.30, -520.59, -570.30
1493358470.21,-755.72, -352.13, -217.57, -522.09, -127.06, -286.47, -465.00, -553.83
1493358470.57,-701.43, -233.77, -169.00, -462.69, -128.24, -281.77, -465.00, -480.59
1493358470.94,-790.00, -251.28, -322.71, -890.75, -267.94, -292.65, -493.24, -508.24
1493358471.31,-884.86, -680.94, -354.71, -977.92, -380.88, -236.18, -493.82, -465.30
1493358471.67,-778.00, -502.97, -387.29, -856.42, -212.65, -225.00, -503.53, -439.12
1493358472.04,-685.72, -500.15, -287.29, -519.41, -306.18, -163.24, -465.30, -397.65
1493358472.22,-599.15, -395.06, -260.71, -469.26, -260.30, -210.30, -454.12, -379.41
1493358472.4,-638.29, -278.96, -257.00, -480.60, -210.30, -238.53, -441.47, -361.47
1493358472.58,-570.29, -226.70, -244.71, -408.36, -192.65, -193.53, -416.18, -350.00
1493358472.95,-463.72, -173.03, -231.57, -318.21, -127.94, -187.06, -397.06, -349.41
1493358473.32,-409.43, -158.34, -225.86, -279.71, -142.06, -195.30, -399.71, -375.00
1493358473.68,-514.00, -203.26, -222.71, -404.18, -148.53, -222.65, -413.53, -411.47
1493358474.14,-596.86, -230.38, -230.71, -499.11, -167.35, -249.12, -414.12, -425.88
1493358474.51,-566.58, -178.12, -214.14, -414.63, -142.94, -221.47, -410.00, -384.71
1493358474.87,-431.72, -141.96, -215.86, -321.20, -113.53, -196.47, -398.24, -356.47
1493358475.24,-387.72, -110.60, -209.57, -269.86, -117.65, -191.77, -398.53, -346.47
1493358475.6,-367.43, -122.75, -203.57, -302.09, -156.18, -186.47, -412.35, -370.30
1493358475.88,-442.00, -151.00, -207.57, -402.09, -175.59, -226.77, -421.77, -401.47
1493358476.24,-539.15, -176.42, -204.43, -477.32, -199.71, -242.65, -431.18, -406.77
1493358476.52,-528.58, -189.13, -207.57, -452.24, -176.47, -230.30, -427.35, -384.41
1493358476.79,-463.72, -148.17, -217.00, -394.33, -132.65, -210.00, -419.71, -365.88
1493358477.07,-416.00, -125.86, -217.57, -344.78, -116.18, -195.30, -410.88, -350.88
1493358477.34,-377.15, -122.75, -224.14, -283.59, -112.35, -188.53, -394.71, -331.18
1493358477.61,-353.15, -116.82, -185.86, -231.95, -146.77, -167.94, -391.47, -326.77
1493358477.89,-353.72, -132.35, -194.14, -319.71, -154.41, -180.88, -398.53, -360.59
1493358478.44,-499.72, -186.03, -173.29, -450.75, -137.06, -261.77, -407.65, -394.41
1493358478.81,-515.43, -222.47, -213.57, -447.77, -128.24, -186.77, -391.47, -371.47
1493358479.17,-408.29, -205.23, -199.00, -435.23, -88.82, -73.53, -396.77, -365.59
1493358479.54,-344.58, -173.60, -384.14, -852.54, -89.41, -28.53, -433.82, -455.88
1493358479.9,-389.43, -417.95, -526.71, -1039.11, -92.65, -23.24, -470.30, -528.83
1493358480.27,-342.29, -552.41, -638.71, -1064.18, -80.59, -17.65, -488.53, -595.30
1493358480.63,-294.58, -607.49, -671.00, -980.30, -99.41, -28.53, -547.65, -625.59
1493358480.91,-255.15, -786.87, -863.86, -1030.75, -162.94, -58.83, -547.35, -685.88
1493358481.18,-250.86, -929.25, -984.43, -1057.32, -187.06, -67.35, -585.00, -724.41
1493358481.46,-234.00, -988.85, -966.71, -993.74, -217.35, -78.83, -620.30, -722.94
1493358481.82,-216.58, -1045.63, -921.29, -917.02, -235.59, -87.65, -608.53, -712.65
1493358482.19,-232.29, -1014.56, -732.14, -847.47, -289.12, -128.83, -624.12, -718.83
1493358482.55,-306.58, -941.68, -707.86, -915.83, -228.24, -180.88, -618.82, -715.88
1493358482.92,-344.86, -849.02, -696.14, -815.53, -220.88, -160.00, -631.47, -691.18
1493358483.28,-337.43, -797.89, -643.57, -744.78, -200.59, -141.47, -626.18, -673.53
1493358483.74,-306.58, -734.33, -597.57, -777.92, -194.41, -184.71, -643.53, -711.47
1493358484.11,-370.29, -717.95, -695.86, -771.95, -182.35, -203.24, -618.24, -646.47
1493358484.48,-522.58, -407.78, -406.71, -505.68, -161.18, -346.77, -540.88, -525.59
1493358484.84,-660.29, -168.51, -205.00, -375.53, -198.82, -496.47, -473.24, -429.41
1493358485.3,-715.43, -109.75, -140.43, -310.15, -284.12, -621.18, -335.00, -326.77
1493358485.66,-900.58, -56.08, -109.86, -416.42, -294.41, -683.24, -335.59, -267.94
1493358486.03,-979.72, -83.20, -132.43, -422.09, -284.41, -622.35, -286.77, -237.35
1493358486.3,-767.72, -84.33, -187.57, -393.44, -243.82, -469.41, -273.82, -266.77
1493358486.58,-628.29, -76.42, -201.29, -320.30, -267.06, -355.00, -311.77, -260.88
1493358487.04,-529.15, -99.30, -171.57, -284.48, -280.30, -274.12, -288.24, -243.53
1493358487.49,-378.29, -86.31, -157.86, -211.95, -258.24, -271.47, -295.00, -244.12
1493358487.77,-331.15, -75.86, -151.86, -200.00, -267.06, -252.35, -301.18, -250.88
1493358488.04,-324.29, -90.26, -144.43, -244.78, -314.41, -251.18, -301.47, -270.00
1493358488.31,-382.00, -110.88, -169.29, -320.90, -348.24, -256.18, -305.88, -282.06
1493358488.77,-435.43, -147.04, -186.71, -359.11, -322.94, -269.12, -301.18, -286.77
1493358489.23,-410.58, -108.34, -148.14, -301.20, -316.77, -265.88, -315.88, -262.65
1493358489.69,-334.00, -67.95, -155.57, -241.20, -271.18, -251.77, -310.88, -263.53
1493358489.96,-273.43, -46.76, -200.14, -202.09, -189.71, -218.24, -283.82, -279.41
1493358490.23,-246.29, -53.26, -203.00, -192.84, -210.59, -213.83, -303.53, -288.24
1493358490.6,-276.00, -56.65, -189.29, -261.50, -274.41, -228.53, -305.88, -303.83
1493358490.97,-366.58, -66.82, -193.00, -342.39, -205.30, -249.12, -330.30, -333.83
1493358491.42,-389.15, -62.01, -203.29, -477.62, -204.12, -168.83, -338.82, -352.06
1493358491.88,-286.58, -69.36, -200.71, -416.12, -143.53, -137.06, -358.53, -322.06
1493358492.25,-279.15, -54.95, -194.14, -395.23, -129.12, -122.94, -375.30, -321.18
1493358492.61,-225.43, -38.85, -91.57, -249.86, -199.12, -53.53, -262.94, -278.53
1493358492.98,-128.29, -10.32, -64.71, -182.09, -131.77, -79.12, -241.77, -368.24
1493358493.34,-52.00, -108.34, -53.00, -57.62, -300.88, -337.35, -269.71, -374.71
