1493358614.68,-71.47, 88.06, -96.47, -99.12, -224.41, -279.12
1493358614.68,206.65, -92.71, -86.27, -135.88, -158.83, -244.12, -269.41
1493358614.68,-20.86, -126.42, -101.57, -88.06, -96.47, -99.12, -224.41, -279.12
1493358614.68,206.65, -92.71, -86.27, -135.88, -158.83, -244.12, -269.41
1493358614.68,-20.86, -126.42, -101.57, -88.06, -96.47, -99.12, -224.41, -279.12
1493358615.61,-340.58, -3.26, -66.14, -362.69, -176.18, -379.41, -455.59, -543.24
1493358615.89,-486.29, 1.83, -103.86, -425.98, -119.71, -468.24, -555.88, -550.88
1493358616.16,-453.72, -10.88, -259.57, -772.24, -121.18, -289.41, -889.71, -850.00
1493358616.43,-716.00, -157.78, -109.00, -588.96, -399.41, -455.59, -620.00, -535.88
1493358616.8,-736.00, -195.35, -267.57, -476.72, -244.12, -209.12, -445.30, -338.53
1493358617.17,-461.15, -64.27, -136.14, -305.98, -205.00, -280.00, -458.82, -474.12
1493358617.53,-353.15, -226.14, -396.71, -375.23, -115.00, -46.47, -390.30, -380.00
1493358617.9,-565.43, -300.71, -361.29, -796.72, -93.82, -141.18, -516.47, -460.59
1493358618.26,-821.15, -441.11, -435.57, -868.36, -227.06, -60.88, -519.41, -444.41
1493358618.63,-559.72, -354.10, -356.14, -625.68, -147.65, -90.59, -465.30, -400.30
1493358618.99,-392.00, -287.16, -230.71, -291.05, -213.24, -109.41, -383.82, -357.06
1493358619.27,-349.15, -135.74, -166.71, -210.15, -200.59, -143.83, -355.00, -359.12
1493358619.45,-284.29, -113.43, -177.57, -160.00, -171.47, -137.65, -309.71, -356.77
1493358619.63,-210.29, -88.85, -202.71, -185.98, -172.35, -116.18, -357.35, -370.30
1493358619.82,-311.72, -158.91, -198.14, -308.96, -172.65, -142.35, -417.35, -396.47
1493358620.0,-525.15, -298.74, -226.43, -424.18, -247.35, -186.77, -432.65, -401.77
1493358620.37,-645.15, -378.96, -227.29, -560.00, -270.00, -172.06, -454.12, -419.41
1493358620.73,-687.15, -420.77, -203.57, -637.62, -209.71, -125.88, -429.41, -410.00
1493358621.1,-576.00, -351.84, -137.00, -528.06, -175.00, -99.71, -413.24, -365.59
1493358621.55,-434.29, -225.01, -118.14, -338.21, -146.18, -77.35, -377.94, -350.30
1493358622.01,-424.00, -335.74, -125.29, -216.72, -112.65, -101.77, -342.35, -391.77
1493358622.38,-598.58, -416.25, -144.71, -472.24, -222.35, -207.94, -379.12, -418.24
1493358622.74,-849.43, -601.84, -216.14, -685.68, -261.47, -291.18, -385.88, -442.94
1493358623.11,-866.86, -546.76, -223.57, -657.92, -278.24, -275.59, -416.18, -407.35
1493358623.39,-733.72, -396.19, -221.29, -562.69, -199.71, -252.35, -372.35, -401.77
1493358623.75,-650.86, -305.23, -201.86, -471.95, -178.53, -225.59, -383.53, -363.83
1493358624.02,-549.72, -213.71, -195.86, -370.75, -127.35, -203.83, -368.53, -357.06
1493358624.3,-467.72, -167.95, -189.86, -285.68, -119.71, -180.00, -369.71, -338.83
1493358624.57,-394.86, -143.94, -181.29, -227.17, -94.12, -175.30, -357.35, -328.53
1493358624.85,-367.15, -117.95, -171.57, -203.59, -96.47, -162.94, -360.30, -327.94
1493358625.12,-359.43, -116.53, -169.29, -221.50, -100.88, -155.59, -368.53, -336.77
1493358625.58,-412.00, -161.17, -159.00, -390.45, -155.30, -179.41, -400.59, -388.24
1493358625.95,-558.58, -218.23, -227.29, -573.74, -171.18, -169.12, -425.88, -390.30
1493358626.31,-548.29, -258.62, -285.86, -690.45, -139.71, -59.12, -433.53, -431.77
1493358626.67,-486.86, -375.29, -560.43, -957.02, -104.71, -23.24, -467.94, -448.24
1493358627.04,-323.72, -460.88, -764.14, -930.15, -118.82, -25.30, -509.71, -478.53
1493358627.41,-271.15, -487.44, -811.00, -850.75, -130.88, -27.35, -527.06, -520.30
1493358627.87,-220.86, -567.10, -816.71, -804.78, -149.41, -41.77, -546.77, -595.30
1493358628.23,-206.58, -735.18, -773.00, -806.57, -225.59, -66.18, -644.71, -583.53
1493358628.51,-198.58, -842.52, -645.86, -811.65, -306.77, -82.94, -623.82, -591.77
1493358628.78,-251.43, -832.92, -644.43, -854.93, -261.47, -118.24, -649.12, -603.53
1493358629.14,-284.58, -775.57, -647.86, -887.17, -248.82, -137.35, -673.82, -617.65
1493358629.51,-314.86, -783.48, -624.43, -953.14, -285.30, -113.53, -740.88, -673.83
1493358629.78,-316.29, -822.18, -624.43, -948.06, -299.41, -83.53, -692.06, -657.94
1493358630.15,-298.86, -809.47, -586.43, -842.69, -267.35, -88.83, -692.65, -631.18
1493358630.43,-307.15, -730.66, -531.86, -789.56, -262.35, -84.71, -676.18, -634.41
1493358630.88,-302.29, -755.23, -528.71, -890.15, -322.94, -102.35, -696.77, -640.30
1493358631.25,-324.58, -737.44, -510.71, -936.72, -366.18, -131.77, -686.18, -647.94
1493358631.61,-336.86, -757.78, -495.57, -882.09, -322.94, -137.65, -686.47, -640.00
1493358631.98,-334.58, -686.31, -497.29, -828.36, -272.06, -127.06, -682.06, -635.59
1493358632.34,-324.29, -652.41, -489.00, -771.95, -273.53, -124.41, -691.47, -628.53
1493358632.71,-332.00, -548.17, -480.43, -762.99, -222.06, -138.24, -689.12, -635.59
1493358633.08,-327.15, -566.53, -470.43, -736.42, -201.47, -140.30, -673.53, -632.35
1493358633.35,-339.15, -544.78, -462.14, -778.51, -236.18, -170.59, -640.88, -650.00
1493358633.63,-344.00, -600.43, -463.00, -845.98, -286.18, -190.00, -673.82, -652.65
1493358633.9,-363.72, -606.08, -471.86, -834.93, -268.24, -196.18, -647.65, -655.30
1493358634.36,-403.43, -539.13, -453.29, -760.90, -242.94, -168.53, -627.06, -677.65
1493358634.81,-452.29, -535.46, -574.14, -720.90, -150.59, -209.41, -594.41, -612.06
1493358635.36,-682.86, -239.42, -382.43, -407.77, -240.30, -540.00, -472.94, -368.83
1493358635.64,-757.72, -105.23, -169.29, -353.14, -322.06, -689.41, -404.71, -306.77
1493358636.19,-832.86, -67.38, -108.43, -414.63, -314.71, -657.65, -340.30, -310.88
1493358636.64,-779.43, -24.44, -155.00, -388.36, -192.06, -396.77, -303.24, -311.47
1493358637.01,-512.86, -62.01, -225.29, -324.18, -191.77, -306.47, -342.65, -295.00
1493358637.28,-442.29, -62.58, -207.29, -298.21, -245.00, -205.00, -333.53, -295.30
1493358637.56,-357.72, -53.26, -184.71, -246.87, -182.65, -208.24, -336.18, -284.71
1493358637.92,-317.72, -29.53, -203.57, -214.93, -142.94, -212.35, -331.18, -308.83
1493358638.38,-344.86, -23.88, -156.43, -289.26, -191.47, -212.35, -350.88, -347.06
1493358638.84,-440.29, -53.54, -146.43, -417.62, -257.65, -215.00, -361.77, -362.94
1493358639.11,-469.43, -54.95, -157.29, -402.69, -216.18, -206.47, -360.59, -358.83
1493358639.38,-412.86, -33.77, -181.57, -348.66, -146.18, -196.77, -373.24, -332.65
1493358639.75,-352.86, -15.40, -172.14, -306.27, -120.59, -174.12, -381.47, -322.06
1493358640.12,-320.86, -9.19, -154.71, -261.50, -127.35, -166.77, -377.94, -306.47
1493358640.58,-306.00, -6.65, -162.14, -264.18, -136.47, -157.35, -375.59, -345.88
1493358640.85,-372.29, -22.18, -157.00, -382.69, -170.30, -179.71, -385.59, -363.24
1493358641.13,-473.43, -30.94, -123.57, -423.29, -222.35, -152.35, -402.65, -352.65
1493358641.49,-434.00, -37.72, -119.57, -386.27, -227.06, -84.12, -366.18, -326.47
1493358641.85,-238.58, -11.17, -75.86, -363.59, -137.06, -37.94, -311.77, -355.59
1493358642.31,-146.86, -8.62, -114.14, -194.33, -193.24, -112.06, -224.12, -317.65
1493358642.77,-37.43, -145.35, -75.57, -42.69, -396.18, -274.12, -267.94, -392.35
