1493357916.85,-88.58, .00, -50.75, -1038.82, -400.00, -332.06, -388.83
1493357917.79,-427.43, -304.10, -567.00, -646.57, -114.12, -221.47, -336.47, -373.24
1493357918.06,-911.72, -123.88, -361.00, -763.89, -92.65, -274.71, -465.88, -458.24
1493357918.34,-977.43, -352.13, -348.14, -640.60, -215.88, -310.30, -403.82, -478.83
1493357918.61,-839.15, -254.10, -232.14, -548.96, -227.94, -429.12, -432.06, -474.41
1493357918.97,-711.15, -97.61, -227.29, -507.77, -131.77, -377.35, -407.06, -445.30
1493357919.34,-642.86, -54.10, -271.57, -591.95, -72.94, -244.71, -342.35, -331.47
1493357919.71,-767.43, -160.88, -333.29, -640.30, -83.82, -125.30, -337.65, -349.12
1493357920.07,-849.15, -164.84, -371.00, -633.14, -68.24, -177.65, -384.41, -401.77
1493357920.44,-843.72, -125.57, -316.71, -626.27, -117.06, -112.94, -427.35, -390.00
1493357920.81,-756.29, -212.30, -327.86, -756.72, -159.71, -145.59, -441.18, -409.71
1493357921.17,-855.43, -241.96, -329.00, -791.95, -150.30, -161.47, -429.71, -406.77
1493357921.44,-806.86, -215.40, -303.00, -502.69, -237.65, -107.94, -350.88, -358.53
1493357921.63,-656.29, -321.90, -254.43, -349.56, -254.12, -148.83, -318.53, -357.35
1493357921.81,-658.58, -209.75, -208.43, -298.21, -279.12, -166.77, -346.18, -329.71
1493357921.99,-540.86, -277.83, -193.86, -247.47, -311.77, -135.59, -320.00, -357.65
1493357922.18,-474.00, -310.32, -216.14, -241.80, -261.47, -179.71, -419.41, -488.24
1493357922.54,-508.29, -392.52, -223.57, -270.75, -268.82, -141.77, -478.82, -587.35
1493357922.91,-431.72, -555.80, -235.57, -278.51, -190.59, -175.30, -436.77, -422.65
1493357923.28,-493.72, -74.44, -330.14, -590.45, -104.41, -112.06, -487.65, -351.77
1493357923.73,-442.00, -224.44, -398.14, -457.02, -110.59, -105.59, -432.06, -415.00
1493357924.19,-373.15, -197.04, -330.14, -480.30, -86.77, -200.59, -494.71, -407.94
1493357924.55,-548.58, -204.95, -363.00, -660.90, -97.06, -100.59, -454.71, -385.59
1493357924.92,-506.29, -180.38, -351.29, -706.27, -84.71, -146.18, -477.06, -412.35
1493357925.29,-627.72, -158.06, -341.00, -787.77, -84.12, -207.35, -457.65, -450.88
1493357925.56,-732.29, -188.00, -329.00, -841.20, -94.12, -186.47, -429.41, -442.65
1493357925.93,-708.00, -259.75, -329.86, -630.45, -157.06, -144.12, -373.82, -419.71
1493357926.2,-563.72, -261.73, -265.29, -397.62, -193.82, -127.06, -349.12, -397.65
1493357926.47,-490.29, -208.06, -259.29, -380.30, -217.65, -172.06, -332.65, -381.77
1493357926.75,-386.29, -167.10, -233.86, -314.03, -267.35, -178.53, -330.88, -352.65
1493357927.02,-326.86, -133.77, -284.71, -377.02, -212.06, -148.83, -403.82, -362.94
1493357927.3,-309.43, -164.27, -288.14, -401.80, -167.06, -127.94, -360.88, -326.47
1493357927.75,-277.43, -133.48, -236.14, -466.87, -122.94, -166.47, -449.41, -400.59
1493357928.12,-458.58, -145.06, -264.71, -484.18, -109.41, -110.59, -423.53, -363.53
1493357928.49,-457.15, -134.90, -297.86, -566.57, -104.41, -161.77, -384.71, -384.71
1493357928.85,-526.29, -213.99, -240.14, -563.29, -185.00, -156.18, -376.18, -375.88
1493357929.22,-470.29, -295.35, -195.86, -285.68, -335.59, -167.35, -356.47, -347.06
1493357929.58,-418.29, -423.31, -214.14, -196.12, -360.88, -181.18, -356.18, -377.35
1493357930.04,-342.29, -432.92, -201.86, -253.44, -329.41, -210.30, -342.06, -391.77
1493357930.41,-584.86, -322.75, -211.57, -458.51, -188.24, -264.41, -410.88, -482.35
1493357930.68,-802.29, -388.85, -329.57, -781.50, -265.59, -305.30, -465.00, -505.30
1493357930.96,-982.58, -487.44, -335.86, -840.90, -383.82, -393.53, -470.30, -495.00
1493357931.32,-946.58, -356.36, -376.14, -679.71, -323.82, -460.00, -452.94, -447.06
1493357931.68,-726.86, -395.06, -313.29, -468.06, -310.59, -416.47, -365.30, -415.30
1493357931.96,-852.29, -371.34, -411.29, -635.53, -105.59, -237.35, -398.82, -414.12
1493357932.33,-714.00, -313.43, -298.71, -586.57, -91.18, -199.71, -403.53, -401.47
1493357932.6,-591.72, -192.24, -302.71, -502.69, -70.59, -243.24, -359.71, -390.59
1493357933.06,-771.43, -336.59, -327.29, -651.35, -130.59, -277.65, -385.88, -441.47
1493357933.42,-949.15, -542.81, -429.57, -866.57, -208.53, -298.24, -459.71, -426.77
1493357933.79,-1015.15, -576.42, -441.00, -920.30, -180.59, -317.06, -442.94, -434.41
1493357934.15,-912.58, -487.44, -421.00, -844.48, -162.94, -285.00, -446.18, -402.65
1493357934.52,-760.58, -405.80, -405.86, -712.54, -138.24, -252.06, -430.88, -378.53
1493357934.89,-601.43, -371.05, -391.29, -582.69, -129.12, -205.30, -407.06, -369.71
1493357935.25,-532.86, -362.86, -391.86, -581.20, -144.71, -204.41, -407.06, -403.83
1493357935.53,-673.72, -473.03, -392.14, -757.62, -207.35, -249.71, -416.47, -418.53
1493357935.8,-732.86, -487.44, -377.86, -790.15, -207.06, -250.30, -416.18, -414.71
1493357936.08,-695.15, -455.52, -391.86, -762.69, -182.06, -235.88, -416.47, -401.47
1493357936.53,-635.43, -430.66, -382.43, -673.74, -171.77, -203.24, -400.59, -378.53
1493357936.99,-604.86, -401.00, -437.29, -656.72, -131.18, -190.30, -399.71, -376.47
1493357937.26,-502.00, -394.78, -421.86, -601.80, -132.65, -174.12, -437.06, -380.00
1493357937.54,-520.29, -332.64, -402.14, -635.23, -145.59, -185.88, -425.30, -385.59
1493357937.81,-574.00, -415.12, -417.00, -742.39, -184.12, -211.77, -434.41, -396.77
1493357938.27,-680.29, -434.90, -382.43, -781.20, -200.59, -244.71, -428.53, -349.71
1493357938.82,-587.15, -473.03, -300.14, -446.27, -198.53, -217.35, -377.35, -314.71
1493357939.27,-662.86, -619.08, -278.43, -446.57, -691.47, -174.41, -317.35, -267.35
1493357939.55,-374.86, -1478.40, -408.71, -333.74, -1340.88, -303.83, -363.24, -283.83
1493357939.82,-300.29, -2006.65, -519.29, -318.21, -1717.65, -439.71, -405.00, -338.24
1493357940.19,-258.86, -2477.55, -629.00, -322.69, -1970.88, -564.71, -444.71, -380.88
1493357940.56,-209.15, -2969.36, -692.14, -307.47, -2342.65, -675.30, -475.59, -399.71
1493357941.01,-202.86, -3464.84, -737.29, -268.36, -2708.24, -707.06, -451.47, -430.00
1493357941.38,-202.86, -3562.30, -769.29, -299.41, -2645.59, -727.94, -444.12, -432.06
1493357941.74,-251.43, -3412.01, -778.43, -320.90, -2586.18, -700.59, -428.82, -432.65
1493357942.11,-256.58, -3509.47, -783.86, -323.89, -2481.18, -706.47, -421.77, -429.41
1493357942.47,-239.72, -3332.64, -762.43, -309.26, -2462.06, -697.35, -417.35, -425.88
1493357942.93,-231.15, -3230.09, -748.14, -293.74, -2408.53, -697.35, -417.94, -430.00
1493357943.3,-214.00, -2923.31, -741.86, -311.05, -2144.71, -730.00, -426.47, -427.06
1493357943.67,-223.15, -2797.89, -733.86, -337.62, -2088.53, -746.47, -427.06, -377.06
1493357944.03,-262.29, -2409.19, -792.43, -241.80, -1674.12, -782.65, -353.82, -398.24
1493357944.4,-170.58, -1554.95, -738.43, -163.59, -1244.41, -795.00, -242.35, -347.06
1493357944.76,-185.15, -716.25, -655.86, -143.29, -901.77, -805.88, -246.77, -356.47
1493357945.31,-133.43, -757.21, -622.14, -109.86, -972.06, -857.94, -437.35, -434.71
1493357945.77,-137.43, -990.83, -586.43, -166.87, -1225.88, -743.83, -705.30, -242.94
1493357946.13,-141.72, -728.40, -598.43, -177.92, -843.53, -722.06, -313.53, -287.06
1493357946.5,-201.43, -400.15, -659.86, -361.20, -638.82, -800.88, -337.06, -281.18
1493357946.77,-306.29, -694.22, -813.00, -614.33, -1118.82, -631.77, -457.65, -365.00
1493357947.23,-352.29, -932.07, -841.29, -545.98, -1035.30, -687.65, -512.94, -470.88
1493357947.6,-364.86, -547.32, -797.00, -530.45, -798.53, -808.24, -500.59, -416.77
1493357947.96,-364.86, -524.16, -829.29, -610.75, -741.18, -659.71, -445.00, -424.41
1493357948.24,-344.29, -799.58, -863.00, -587.77, -886.77, -630.88, -455.00, -406.77
1493357948.6,-320.29, -844.50, -779.00, -532.84, -807.94, -628.24, -343.53, -408.24
1493357949.06,-228.29, -317.38, -719.00, -316.72, -317.35, -742.94, -467.35, -873.24
1493357949.51,-214.29, -125.86, -668.14, -570.45, -255.00, -642.06, -594.12, -933.24
1493357949.97,-179.72, -95.06, -672.71, -616.72, -204.12, -695.30, -662.65, -685.88
1493357950.34,-279.43, -56.36, -625.29, -769.86, -207.06, -700.00, -650.59, -600.88
1493357950.71,-307.72, -38.85, -611.86, -875.23, -167.35, -679.71, -473.82, -622.94
1493357951.07,-289.43, -56.36, -505.00, -843.89, -131.77, -584.12, -408.82, -590.59
1493357951.53,-251.43, -179.25, -516.43, -942.39, -170.00, -548.53, -488.53, -555.00
1493357951.89,-310.86, -137.44, -667.29, -1005.08, -221.77, -634.71, -536.47, -579.12
1493357952.35,-274.58, -107.49, -672.14, -900.60, -141.77, -612.94, -499.71, -538.53
1493357952.72,-285.43, -64.56, -574.71, -1013.44, -126.18, -549.12, -557.35, -583.24
1493357953.08,-381.72, -89.13, -562.14, -1102.39, -212.06, -530.59, -584.71, -594.71
1493357953.36,-490.00, -193.09, -642.71, -1146.87, -308.82, -582.35, -600.00, -609.12
1493357953.72,-491.72, -223.88, -621.86, -1193.44, -345.88, -551.18, -605.30, -600.88
1493357954.09,-471.43, -225.86, -547.57, -1189.86, -308.53, -517.35, -666.77, -653.83
1493357954.45,-456.29, -206.93, -533.29, -1189.56, -260.30, -515.59, -677.65, -644.12
1493357954.73,-387.15, -143.09, -536.14, -1123.89, -208.24, -505.00, -719.41, -660.88
1493357955.0,-305.72, -95.35, -522.71, -1032.54, -162.94, -519.71, -703.82, -656.47
1493357955.28,-291.15, -67.95, -495.29, -979.71, -167.94, -521.18, -696.77, -622.06
1493357955.64,-274.00, -101.56, -488.71, -964.48, -278.24, -432.65, -641.18, -660.30
1493357956.1,-326.58, -241.96, -462.14, -880.90, -378.82, -476.77, -602.94, -673.83
1493357956.47,-488.29, -102.69, -484.14, -908.06, -315.30, -538.83, -549.41, -570.30
1493357956.83,-290.00, -178.96, -526.14, -833.14, -203.53, -483.53, -578.82, -790.59
1493357957.11,-205.43, -225.57, -428.43, -581.80, -275.00, -550.59, -731.77, -746.77
1493357957.29,-188.00, -263.14, -420.14, -505.38, -286.18, -552.06, -1056.18, -562.94
1493357957.47,-191.43, -262.86, -415.86, -425.98, -258.53, -569.71, -1124.41, -646.77
1493357957.84,-218.00, -269.08, -421.00, -395.83, -292.65, -527.35, -562.06, -470.30
1493357958.11,-315.43, -77.55, -491.57, -677.32, -263.82, -601.77, -491.47, -562.06
1493357958.39,-481.15, -136.03, -513.57, -857.92, -370.00, -547.94, -419.41, -358.24
1493357958.66,-535.72, -137.16, -431.57, -996.12, -472.35, -528.53, -274.12, -231.47
1493357959.03,-539.43, -230.09, -562.43, -932.54, -423.82, -590.59, -87.06, -64.41
1493357959.39,-542.86, -527.83, -597.86, -871.65, -451.18, -615.30, -57.06, -71.77
1493357959.85,-646.86, -604.39, -727.57, -1286.27, -283.82, -659.41, -361.18, -366.77
1493357960.3,-666.00, -247.04, -524.71, -500.60, -265.59, -671.77, -16.77, 5.59
1493357960.67,-466.58, -1042.81, -615.86, -264.48, -1029.41, -592.65, -1.77, 6.76
1493357961.13,-353.72, -1509.19, -643.29, -243.59, -794.41, -675.00, 14.12, -12.35
1493357961.4,-219.72, -793.94, -637.57, -246.87, -810.59, -681.77, -17.65, -29.71
1493357961.59,-205.15, -864.27, -634.14, -292.84, -1077.94, -678.53, -50.30, -80.59
1493357961.77,-224.58, -834.61, -761.57, -385.68, -1107.35, -783.83, -99.12, -198.53
1493357962.04,-263.15, -831.22, -828.71, -408.36, -1070.59, -733.53, -45.00, -53.83
1493357962.32,-304.00, -1041.96, -588.71, -388.06, -1176.47, -681.18, -115.88, -75.59
1493357962.59,-356.58, -1115.40, -638.43, -697.32, -1014.71, -645.00, -176.77, -232.65
1493357962.96,-531.72, -919.64, -1049.29, -1234.33, -692.35, -647.65, -1069.71, -1023.53
1493357963.32,-714.58, -222.18, -1078.43, -1522.39, -483.24, -676.18, -1001.18, -876.18
1493357963.6,-630.29, -234.33, -1042.43, -1386.57, -588.53, -590.00, -772.94, -769.71
1493357963.87,-628.86, -452.97, -1111.00, -1390.45, -728.82, -620.88, -766.18, -756.47
1493357964.33,-604.58, -638.85, -1110.71, -1596.42, -803.24, -619.12, -800.00, -860.30
1493357964.79,-532.58, -528.68, -1043.57, -1467.77, -837.65, -486.77, -874.71, -797.35
1493357965.24,-436.29, -767.66, -694.71, -1082.69, -1186.18, -452.94, -685.59, -662.65
1493357965.52,-332.86, -594.22, -757.00, -935.53, -887.94, -547.65, -614.71, -603.24
1493357965.7,-341.15, -467.38, -823.86, -870.45, -659.71, -594.41, -615.30, -558.83
1493357965.88,-291.43, -358.91, -837.86, -873.74, -552.35, -572.94, -629.12, -575.00
1493357966.16,-302.86, -357.78, -729.29, -892.24, -759.41, -510.00, -621.47, -589.41
1493357966.52,-320.29, -571.05, -626.71, -791.95, -974.41, -500.30, -570.88, -578.83
1493357966.89,-469.43, -511.45, -835.00, -998.51, -353.53, -947.65, -380.30, -390.30
1493357967.26,-1018.29, -251.56, -569.86, -964.48, -109.71, -671.47, -290.00, -318.24
1493357967.62,-1218.00, -10.32, -460.14, -953.74, -77.06, -272.06, -282.06, -267.35
1493357967.99,-1016.58, 14.82, -290.71, -750.45, -64.71, -230.00, -240.30, -248.53
1493357968.44,-827.72, 8.89, -259.00, -819.71, -146.18, -217.65, -322.35, -361.47
1493357968.9,-981.43, -32.35, -372.43, -1132.54, -86.47, -409.12, -275.88, -321.77
1493357969.27,-993.43, 12.00, -340.43, -1069.26, -81.77, -306.47, -275.00, -310.00
1493357969.54,-912.29, 17.08, -328.14, -990.75, -61.47, -298.53, -311.47, -320.00
1493357969.91,-852.86, 20.47, -302.14, -888.06, -64.71, -280.00, -334.12, -322.35
1493357970.18,-718.86, 19.34, -278.43, -668.36, -63.53, -236.47, -300.59, -297.94
1493357970.55,-701.15, 19.34, -244.14, -683.89, -96.18, -224.12, -270.30, -279.41
1493357970.91,-743.72, 13.69, -269.00, -682.09, -95.00, -232.06, -324.12, -325.88
1493357971.28,-840.86, 9.17, -282.14, -861.80, -154.71, -321.47, -353.24, -350.88
1493357971.74,-946.86, 10.58, -308.14, -851.95, -131.18, -295.88, -335.59, -321.18
1493357972.19,-763.43, 20.47, -291.29, -667.47, -90.88, -238.24, -319.12, -301.77
1493357972.74,-644.58, 18.78, -292.14, -581.80, -74.12, -236.77, -311.18, -320.59
1493357973.11,-750.58, 7.76, -313.00, -848.36, -191.77, -263.24, -370.59, -369.12
1493357973.47,-883.15, 1.83, -287.29, -862.99, -233.24, -291.18, -399.41, -393.53
1493357973.75,-824.58, 7.48, -284.71, -800.30, -207.06, -257.65, -354.71, -367.06
1493357974.02,-766.58, 16.52, -276.43, -728.36, -104.12, -283.24, -317.65, -329.71
1493357974.3,-812.29, 19.91, -303.86, -859.71, -148.53, -240.30, -339.41, -355.88
1493357974.57,-724.86, -9.47, -254.71, -817.92, -373.24, -194.71, -387.06, -377.06
1493357974.94,-568.00, -71.05, -271.57, -513.14, -638.53, -156.47, -357.35, -334.71
1493357975.39,-382.86, -425.57, -354.14, -408.36, -869.41, -205.59, -320.88, -329.71
1493357975.85,-365.72, -853.26, -428.14, -465.98, -1222.94, -313.24, -356.77, -384.12
1493357976.31,-300.58, -1635.46, -637.86, -472.24, -1940.88, -494.71, -295.59, -337.94
1493357976.67,-276.00, -2307.78, -779.86, -442.99, -2650.88, -658.53, -241.18, -278.24
1493357977.13,-246.58, -2930.38, -897.86, -398.51, -3110.59, -704.41, -297.35, -323.53
1493357977.5,-243.72, -3183.48, -1022.71, -624.78, -3113.82, -694.71, -528.24, -564.71
1493357977.77,-262.58, -2940.55, -1025.00, -778.81, -2795.59, -719.12, -631.47, -675.00
1493357978.04,-282.86, -2686.87, -1113.86, -864.18, -2583.53, -764.41, -729.71, -770.88
1493357978.32,-296.29, -2584.90, -1132.71, -980.30, -2479.41, -776.18, -773.82, -833.83
1493357978.59,-320.29, -2443.65, -1127.57, -1012.24, -2339.71, -765.00, -807.06, -840.00
1493357978.96,-305.43, -2331.51, -1116.71, -991.35, -2239.12, -787.94, -814.41, -811.18
1493357979.33,-292.29, -2159.75, -1067.29, -893.74, -2202.65, -763.24, -714.71, -745.30
1493357979.78,-263.43, -2105.80, -1054.14, -854.33, -2245.30, -746.18, -781.47, -780.59
1493357980.15,-240.58, -2065.69, -1127.29, -894.63, -2209.71, -817.94, -823.24, -815.88
1493357980.6,-255.43, -1923.60, -1066.14, -882.39, -2152.94, -779.71, -826.18, -812.35
1493357981.06,-238.86, -1775.29, -1028.14, -803.59, -2138.24, -711.18, -850.00, -827.65
1493357981.52,-215.15, -1591.11, -929.29, -727.77, -1992.94, -689.41, -845.30, -813.53
1493357981.89,-188.86, -1516.82, -970.71, -729.86, -1950.59, -710.88, -850.59, -820.00
1493357982.25,-208.58, -1550.15, -1019.29, -760.90, -1924.12, -717.94, -805.59, -826.77
1493357982.62,-243.43, -1606.36, -984.43, -808.36, -1933.82, -766.18, -856.77, -826.77
1493357982.98,-261.72, -1456.36, -962.14, -813.44, -1843.82, -775.00, -862.35, -822.94
1493357983.44,-241.43, -1446.48, -904.14, -815.53, -1899.12, -775.59, -832.65, -847.35
1493357983.8,-269.43, -1319.36, -1114.43, -997.32, -1075.59, -1162.94, -631.77, -641.47
1493357984.17,-527.15, -585.46, -1006.71, -972.84, -284.12, -1016.47, -284.71, -290.30
1493357984.54,-889.43, -115.97, -517.00, -704.78, -110.59, -523.83, -175.88, -182.94
1493357985.45,-1087.72, 12.84, -306.14, -571.05, -63.82, -357.65, -145.59, -163.24
1493357985.91,-1078.29, 9.74, -297.57, -791.95, -57.35, -341.77, -149.41, -157.35
1493357986.27,-1437.72, 14.26, -405.57, -1078.51, -38.82, -395.00, -84.41, -102.65
1493357986.64,-1743.15, 10.58, -453.57, -1292.24, -25.59, -333.24, -73.82, -105.88
1493357986.91,-1840.00, 8.89, -458.43, -1601.80, -17.65, -286.77, -295.30, -296.77
1493357987.28,-1907.43, 7.48, -469.29, -1875.83, -17.65, -299.71, -528.24, -562.65
1493357987.74,-1853.15, 6.63, -539.00, -2227.17, -15.88, -356.47, -504.41, -509.71
1493357988.1,-1816.86, 8.61, -449.57, -1960.30, -11.18, -325.88, -301.47, -319.71
1493357988.47,-1798.00, 9.45, -392.43, -1906.57, -8.53, -288.83, -446.77, -444.41
1493357988.83,-1680.58, 8.32, -405.57, -1897.32, -12.65, -236.77, -402.94, -453.83
1493357989.29,-1494.86, 7.76, -405.86, -1947.17, -17.06, -235.00, -469.12, -500.88
1493357989.66,-1404.29, 5.50, -399.29, -1908.06, -18.82, -236.18, -405.30, -423.53
1493357990.11,-1369.15, 7.76, -404.71, -1760.00, -13.53, -156.47, -373.82, -388.53
1493357990.57,-1156.29, 10.58, -320.43, -1499.41, -12.94, -114.12, -665.00, -626.47
1493357990.84,-1099.15, 9.45, -315.29, -1497.02, -16.77, -116.47, -625.88, -602.94
1493357991.12,-1046.86, 8.32, -279.29, -1447.77, -21.18, -126.18, -535.59, -550.88
1493357991.39,-1024.86, 7.19, -265.29, -1374.93, -18.82, -143.83, -484.71, -485.00
1493357991.76,-1065.43, 9.45, -292.14, -1484.18, -16.47, -174.41, -474.41, -453.83
1493357992.13,-985.72, 6.91, -189.57, -846.27, -72.65, -69.41, -429.12, -437.06
1493357992.49,-528.29, -0.15, -184.43, -346.57, -438.82, -103.24, -530.59, -502.94
1493357992.86,-312.29, -86.59, -320.71, -165.08, -1073.24, -208.24, -409.71, -421.77
1493357993.22,-202.00, -629.25, -433.29, -170.45, -1315.59, -316.47, -301.47, -328.83
1493357993.5,-204.29, 19853.81, -482.43, -182.09, -1327.06, -327.35, -218.24, -261.18
1493357993.77,-199.72, -858.62, -475.57, -142.99, -1124.41, -356.77, -245.30, -257.35
1493357994.14,-189.15, -525.01, -418.14, -104.48, -994.41, -260.30, -245.88, -248.53
1493357994.5,-137.43, -469.36, -359.00, -105.08, -974.71, -251.77, -228.82, -237.65
1493357994.69,-146.00, -467.95, -339.86, -111.05, -952.06, -266.18, -229.41, -233.83
1493357994.87,-170.58, -471.62, -327.00, -129.86, -909.41, -287.06, -223.24, -229.41
1493357995.05,-181.15, -432.07, -329.86, -155.23, -864.41, -300.88, -207.65, -226.47
1493357995.33,-192.00, -429.25, -326.14, -160.60, -831.18, -296.18, -194.71, -206.18
1493357995.6,-152.58, -371.05, -420.14, -150.45, -675.59, -270.30, -185.30, -203.83
1493357995.87,-132.86, -365.40, -390.43, -115.53, -572.65, -237.35, -171.77, -182.65
1493357996.33,-136.86, -265.69, -342.71, -86.87, -545.00, -235.88, -156.47, -162.65
1493357996.7,-94.58, -194.50, -304.71, -92.54, -545.30, -216.77, -129.12, -138.53
1493357997.06,-77.43, -154.39, -280.43, -104.78, -455.00, -200.00, -149.41, -150.00
1493357997.43,-90.00, -149.30, -232.14, -94.03, -458.24, -224.41, -146.18, -145.88
1493357997.8,-87.43, -148.17, -243.29, -102.99, -457.35, -216.47, -171.18, -172.94
1493357998.16,-97.15, -148.17, -231.57, -160.00, -522.35, -249.41, -188.82, -200.59
1493357998.52,-138.58, -163.43, -249.86, -196.12, -520.88, -276.18, -205.59, -210.00
1493357998.89,-153.43, -161.73, -231.00, -174.93, -482.35, -259.71, -205.59, -200.59
1493357999.07,-121.72, -130.09, -239.00, -155.83, -477.35, -238.83, -208.82, -207.06
1493357999.26,-101.15, -126.70, -239.86, -161.20, -484.71, -216.77, -268.24, -279.12
1493357999.53,-93.72, -91.39, -248.71, -196.72, -470.59, -205.59, -579.41, -615.30
1493357999.81,-107.15, -5.52, -268.43, -331.05, -527.35, -198.24, -1267.65, -1263.24
1493358000.08,-174.58, 20.47, -301.29, -498.51, -440.59, -234.71, -1406.47, -1199.12
1493358000.45,-279.43, 18.21, -332.43, -352.54, -276.18, -254.41, -543.53, -300.30
1493358000.9,-396.58, 6.63, -205.57, -85.98, -641.77, -236.47, -387.06, -334.12
1493358001.36,-105.43, -35.74, -216.71, -38.51, -903.82, -470.30, -363.24, -363.24
1493358001.73,-38.29, -143.37, -174.43, -31.35, -987.65, -551.77, -392.94, -434.71
