1492673136.85,19.12, -58.24, -97.65
1492673136.85,-832.86, 26.69, -521.57, -683.89, 84.70, -688.24, -56.77, -92.35
1492673136.85,-842.86, 25.27, .29, -669.56, 91.76, -719.12, -58.24, -97.65
1492673136.86,-832.86, 26.69, -521.57, -683.89, 84.70, -688.24, -56.77, -92.35
1492673137.78,-842.86, 25.27, -209.72, -148.17, -250.43, -260.30, -47.06, -123.83, -541.77, -494.12
1492673138.06,-298.00, -286.31, -230.14, -212.54, -28.24, -295.88, -463.82, -506.47
1492673138.33,-481.43, -309.19, -221.29, -191.35, -122.65, -343.83, -578.53, -544.71
1492673138.61,-350.86, -380.38, -339.86, -393.44, -0.30, -205.59, -524.71, -525.30
1492673138.97,-374.29, -343.65, -274.43, -458.21, 47.06, -170.30, -508.24, -478.83
1492673139.34,-312.86, -195.91, -183.57, -285.98, 1.47, -122.06, -464.71, -482.35
1492673139.7,-240.86, -197.32, -241.00, -437.92, 64.41, -242.94, -471.47, -502.65
1492673140.07,-519.43, -123.88, -350.43, -622.39, 86.47, -388.53, -467.94, -497.65
1492673140.44,-726.29, 10.30, -597.86, -871.95, 123.53, -873.53, -281.77, -351.18
1492673140.8,-1205.43, 31.21, -974.43, -1240.60, 155.29, -1406.18, -154.71, -239.12
1492673141.17,-1532.29, 28.66, -1251.29, -1556.72, 155.00, -1815.30, -100.88, -161.77
1492673141.44,-1751.43, 25.27, -1370.14, -1762.09, 133.82, -2061.77, -82.35, -136.77
1492673141.62,-1824.86, 21.88, -1543.00, -1963.29, 129.70, -2172.35, -77.06, -124.71
1492673141.81,-1838.29, 19.91, -1634.14, -2064.48, 129.70, -2225.88, -68.82, -115.00
1492673141.99,-1870.58, 19.06, -1741.00, -2094.63, 127.06, -2213.53, -65.59, -107.94
1492673142.17,-1870.29, 18.21, -1765.29, -2061.20, 126.18, -2218.83, -62.65, -101.47
1492673142.54,-1917.72, 17.93, -1779.29, -2086.57, 136.76, -2328.83, -55.59, -91.47
1492673142.9,-2048.29, 17.08, -1822.14, -2157.92, 145.59, -2491.18, -55.88, -94.41
1492673143.27,-2071.15, 17.08, -1694.14, -2027.77, 100.00, -2367.06, -70.59, -101.77
1492673143.73,-2018.00, 17.36, -1701.86, -1955.83, 95.88, -2331.77, -73.53, -100.59
1492673144.18,-1927.15, 16.80, -1668.14, -1906.27, 101.18, -2288.83, -75.00, -100.88
1492673144.55,-1863.72, 17.08, -1565.29, -1856.42, 91.76, -2235.30, -77.35, -101.18
1492673144.92,-1854.29, 17.08, -1571.86, -1860.60, 91.47, -2239.12, -77.35, -103.24
1492673145.28,-1886.58, 17.08, -1595.86, -1900.90, 88.23, -2231.47, -77.35, -102.06
1492673145.65,-1871.43, 16.52, -1590.43, -1874.93, 84.70, -2182.35, -77.94, -103.24
1492673146.01,-1810.29, 17.08, -1594.71, -1850.45, 66.76, -2114.71, -82.94, -106.18
1492673146.29,-1679.15, 17.08, -1587.57, -1740.30, 36.76, -1992.06, -96.18, -115.30
1492673146.56,-1532.00, 17.65, -1385.57, -1352.24, -1.77, -1490.59, -131.77, -133.24
1492673146.84,-1238.86, 17.65, -919.00, -802.99, 12.94, -811.18, -178.82, -170.00
1492673147.11,-870.29, 19.91, -516.71, -439.71, 26.47, -401.18, -255.88, -247.94
1492673147.38,-556.86, 22.45, -246.14, -212.54, 38.23, -223.53, -355.00, -335.88
1492673147.93,-329.15, -178.12, -126.14, -108.36, -48.53, -160.59, -553.53, -475.59
1492673148.3,-239.72, -894.22, -169.57, -159.41, -169.71, -178.53, -528.82, -434.12
1492673148.66,-215.15, -363.71, -232.43, -151.05, -4.71, -200.30, -475.59, -413.83
1492673149.03,-243.72, -216.53, -183.00, -121.80, 20.59, -203.53, -457.65, -435.00
1492673149.4,-242.00, -149.30, -191.00, -125.08, 34.70, -189.12, -451.47, -444.71
1492673149.76,-215.43, -135.18, -169.00, -136.72, 2.65, -131.47, -463.82, -445.88
1492673150.13,-214.86, -242.52, -175.29, -210.15, -32.06, -177.35, -500.00, -474.12
1492673150.4,-232.58, -488.00, -151.57, -201.80, -290.59, -109.12, -567.35, -519.71
1492673150.68,-143.43, -1075.57, -202.71, -215.83, -809.12, -125.59, -698.53, -604.12
1492673150.95,-150.29, -1558.62, -307.00, -225.38, -1153.53, -163.53, -696.77, -628.53
1492673151.32,-173.72, -1890.83, -358.43, -237.32, -1472.94, -175.59, -795.88, -666.18
1492673151.68,-160.29, -2416.53, -400.14, -237.32, -1992.35, -205.30, -821.77, -663.83
1492673152.05,-135.43, -2525.29, -377.57, -183.59, -2505.30, -227.06, -803.53, -666.47
1492673152.41,-214.00, -2927.83, -415.29, -181.50, -2365.88, -336.18, -739.71, -641.77
1492673152.69,-283.43, -2473.60, -404.43, -221.80, -2268.24, -325.59, -714.41, -631.77
1492673153.15,-279.15, -2030.66, -362.71, -201.80, -2117.65, -417.35, -672.35, -600.88
1492673153.51,-295.15, -1758.06, -300.43, -195.53, -1938.82, -380.59, -674.41, -600.30
1492673153.88,-246.29, -1592.24, -284.43, -194.03, -1868.82, -390.88, -669.12, -604.71
1492673154.24,-266.86, -1538.00, -298.14, -186.87, -1900.30, -375.00, -667.94, -609.71
1492673154.7,-232.29, -1591.11, -264.71, -184.48, -1961.77, -358.53, -669.12, -617.94
1492673155.07,-214.86, -1547.89, -245.86, -169.26, -2064.71, -342.94, -670.88, -622.94
1492673155.43,-205.15, -1584.90, -293.00, -183.29, -2042.94, -314.71, -677.94, -612.65
1492673155.7,-172.86, -1587.72, -273.29, -184.48, -1982.65, -311.77, -665.59, -615.88
1492673155.98,-174.86, -1515.69, -273.57, -188.06, -1819.71, -330.00, -628.24, -612.65
1492673156.44,-190.86, -1521.05, -270.71, -223.29, -1629.41, -358.24, -623.82, -603.53
1492673156.9,-237.43, -1606.08, -313.57, -236.72, -1717.06, -318.83, -637.65, -581.77
1492673157.26,-209.43, -1719.36, -298.14, -240.00, -1807.65, -322.65, -637.06, -569.71
1492673157.54,-256.29, -1558.91, -380.43, -267.77, -1223.24, -522.65, -642.94, -579.12
1492673157.81,-503.43, -918.23, -624.43, -461.80, -393.82, -837.06, -761.18, -650.00
1492673158.26,-1049.15, -260.32, -734.71, -730.15, 44.41, -967.94, -610.00, -603.83
1492673158.72,-1305.43, 6.91, -736.43, -821.80, 53.23, -952.65, -327.94, -379.41
1492673159.18,-1259.43, 35.16, -708.14, -878.21, 55.29, -956.18, -373.53, -364.41
1492673159.46,-799.72, 31.49, -533.86, -517.92, 37.35, -567.06, -556.77, -512.94
1492673159.73,-667.72, 26.69, -486.14, -554.63, 42.65, -425.88, -523.53, -465.00
1492673160.1,-698.86, 27.53, -566.71, -733.44, 48.82, -510.88, -548.53, -494.71
1492673160.55,-850.58, 26.40, -591.00, -771.95, 37.35, -472.65, -566.47, -515.88
1492673161.01,-800.86, 25.84, -609.00, -986.87, 58.82, -952.35, -343.24, -403.24
1492673161.47,-1272.58, 31.49, -741.57, -1240.90, 52.94, -1175.59, -140.30, -195.00
1492673161.83,-1532.86, 26.69, -850.43, -1466.57, 43.82, -1365.59, -86.47, -124.41
1492673162.2,-1754.00, 21.88, -1159.86, -1764.48, 42.06, -1735.30, -61.18, -102.06
1492673162.47,-1853.43, 18.49, -1231.00, -1861.50, 40.29, -1857.35, -62.94, -98.83
1492673162.84,-1943.43, 17.93, -1232.71, -1892.54, 37.94, -1814.12, -74.12, -105.88
1492673163.11,-1851.43, 17.36, -1229.00, -1851.95, 37.06, -1777.94, -74.41, -108.24
1492673163.57,-1827.15, 17.93, -1176.71, -1805.98, 37.35, -1740.30, -78.53, -106.47
1492673163.94,-1766.86, 17.65, -1108.71, -1723.59, 37.35, -1706.47, -79.41, -106.18
1492673164.3,-1692.58, 17.65, -1137.00, -1748.66, 37.35, -1717.65, -82.06, -107.65
1492673164.76,-1698.00, 17.93, -1159.00, -1739.41, 37.35, -1623.83, -88.53, -108.53
1492673165.31,-1645.72, 17.36, -1186.43, -1739.71, 37.35, -1614.41, -85.00, -112.65
1492673165.76,-1520.00, 17.65, -1199.57, -1717.02, 37.65, -1637.35, -95.59, -115.88
1492673166.13,-1537.43, 17.65, -1202.43, -1731.35, 37.65, -1635.30, -96.47, -115.30
1492673166.5,-1506.29, 17.65, -1221.29, -1718.21, 37.65, -1627.35, -96.18, -117.65
1492673166.77,-1500.29, 17.36, -1213.57, -1658.51, 37.65, -1456.18, -119.41, -129.12
1492673167.14,-1365.72, 17.93, -1024.14, -1185.38, 38.53, -834.12, -183.53, -176.18
1492673167.5,-990.29, 17.65, -462.43, -509.86, 40.29, -329.41, -319.12, -282.65
1492673167.87,-556.58, 15.95, -257.86, -185.98, 40.88, -202.06, -516.77, -450.88
1492673168.23,-280.58, -58.34, -200.14, -114.63, 38.82, -155.30, -545.88, -456.18
1492673168.6,-210.86, -352.97, -170.71, -108.36, 38.23, -153.24, -533.82, -460.88
1492673169.15,-190.00, -145.06, -180.71, -97.02, 50.88, -197.65, -472.06, -464.41
1492673169.7,-239.43, -56.36, -223.86, -186.57, 40.59, -146.77, -572.35, -527.94
1492673170.15,-229.15, -515.69, -197.00, -169.26, -30.88, -179.41, -718.53, -612.65
1492673170.52,-235.72, -1274.73, -300.43, -211.05, -628.24, -240.59, -734.41, -587.65
1492673170.79,-278.86, -2224.44, -397.00, -193.44, -1370.59, -278.24, -697.65, -558.24
1492673171.16,-275.43, -2762.01, -422.43, -197.92, -2133.53, -293.83, -714.41, -566.18
1492673171.53,-221.43, -3191.68, -409.57, -223.29, -2576.47, -266.47, -704.71, -569.71
1492673171.89,-166.29, -3390.26, -446.43, -274.03, -2433.53, -316.47, -680.88, -548.83
1492673172.35,-272.00, -3265.97, -576.14, -315.23, -1993.82, -342.94, -645.00, -533.83
1492673172.62,-269.15, -2907.49, -633.57, -374.33, -1852.65, -377.35, -627.65, -530.88
1492673172.9,-229.72, -2398.74, -599.86, -361.50, -1705.59, -428.53, -601.77, -537.06
1492673173.26,-246.29, -2017.38, -472.71, -355.83, -1739.41, -406.47, -599.41, -537.06
1492673173.63,-216.00, -1971.05, -432.71, -359.71, -2007.06, -405.30, -593.24, -521.77
1492673174.0,-216.29, -1976.14, -371.00, -345.38, -2088.24, -379.71, -594.12, -517.35
1492673174.36,-212.29, -1884.05, -516.71, -348.96, -1904.41, -411.77, -581.47, -507.65
1492673174.73,-199.72, -1839.42, -461.00, -335.53, -1841.47, -387.35, -567.06, -508.83
1492673174.91,-235.15, -1817.38, -420.14, -311.35, -1715.00, -408.53, -549.71, -498.83
1492673175.18,-254.29, -1887.16, -451.00, -365.38, -1599.12, -422.65, -548.82, -488.24
1492673175.46,-286.00, -1957.78, -562.43, -365.08, -1518.82, -440.59, -542.06, -476.18
1492673175.82,-296.86, -2059.47, -528.43, -349.26, -1579.41, -400.30, -546.18, -479.12
1492673176.19,-242.29, -2014.56, -527.29, -352.24, -1460.30, -396.77, -540.59, -483.24
1492673176.56,-239.72, -1899.58, -612.43, -363.29, -1362.35, -414.12, -534.12, -486.77
1492673176.92,-241.43, -1799.58, -626.14, -381.20, -1268.82, -429.41, -531.47, -486.47
1492673177.19,-262.29, -1658.34, -631.57, -395.83, -1123.82, -460.00, -507.65, -483.53
1492673177.65,-367.43, -1266.53, -755.00, -516.72, -486.18, -795.88, -501.18, -504.71
1492673177.93,-938.86, -529.25, -795.00, -646.57, 3.82, -929.71, -469.41, -491.18
1492673178.2,-1112.86, -203.54, -724.14, -694.03, 50.29, -906.77, -410.59, -459.41
1492673178.48,-1193.72, -31.22, -636.71, -732.24, 52.94, -989.71, -412.94, -487.94
1492673178.75,-1216.00, 30.92, -672.14, -792.84, 52.06, -1006.47, -433.24, -524.12
1492673179.12,-1076.29, 34.03, -671.00, -837.62, 54.70, -985.88, -491.77, -527.35
1492673179.48,-931.15, 31.49, -578.71, -793.14, 45.00, -823.53, -516.18, -479.41
1492673179.85,-793.43, 28.66, -544.43, -778.51, 38.53, -657.94, -498.53, -463.24
1492673180.21,-841.15, 25.56, -567.86, -838.21, 38.82, -723.53, -490.59, -465.88
1492673180.58,-874.00, 24.14, -565.29, -796.12, 40.29, -669.12, -476.47, -455.00
1492673180.95,-788.86, 25.27, -493.86, -686.27, 42.06, -554.12, -447.35, -471.18
1492673181.31,-660.86, 28.10, -516.71, -608.66, 45.59, -510.88, -458.24, -450.00
1492673181.68,-633.15, 29.23, -492.71, -580.00, 43.53, -530.88, -436.77, -471.47
1492673181.95,-641.43, 28.38, -501.86, -566.27, 43.53, -522.65, -450.30, -454.12
1492673182.22,-625.43, 27.82, -495.57, -547.77, 42.94, -508.53, -441.47, -477.06
1492673182.5,-606.86, 28.10, -490.71, -565.68, 44.70, -504.71, -447.94, -479.71
1492673182.86,-606.00, 27.82, -465.00, -608.06, 43.82, -554.41, -462.65, -485.00
1492673183.23,-672.00, 24.43, -479.00, -624.48, 43.82, -567.94, -469.71, -475.30
1492673183.51,-686.58, 23.30, -512.14, -630.75, 45.29, -563.53, -462.06, -499.12
1492673183.78,-637.15, 23.86, -485.00, -547.77, 45.00, -507.65, -452.65, -481.77
1492673184.06,-551.15, 23.01, -546.43, -453.74, 45.59, -463.24, -414.71, -457.06
1492673184.42,-406.00, 23.01, -340.71, -317.32, 46.76, -729.71, -357.94, -305.59
1492673184.88,-553.43, 38.27, -418.43, -426.57, 46.47, -840.00, -312.94, -272.35
1492673185.24,-482.58, 21.32, -105.29, -190.45, 72.35, -422.94, -382.06, -280.00
1492673185.61,-179.15, 28.10, -33.57, -169.56, 46.18, -298.53, -384.12, -292.35
