1492673215.37,-49.29, -455.30, -313.82, -334.71
1492673215.37,-788.29, 28.10, -495.00, -737.62, 51.76, -486.47, -325.59, -350.30
1492673216.3,-805.72, 28.95, -472.14, -586.86, -15.97, -446.14, -277.92, 28.23, -333.53, -537.06, -640.00
1492673216.58,-529.15, -109.47, -580.71, -346.87, 39.12, -300.59, -542.65, -544.71
1492673216.85,-782.86, -130.94, -442.14, -421.80, 45.29, -355.88, -595.88, -544.12
1492673217.13,-828.86, -147.32, -389.57, -538.21, 43.82, -372.65, -677.65, -637.65
1492673217.49,-937.15, -193.65, -464.71, -658.81, 41.47, -375.88, -690.30, -612.06
1492673217.86,-870.00, -135.74, -474.14, -588.06, 49.70, -347.35, -608.82, -551.47
1492673218.23,-768.86, -49.30, -438.43, -481.50, 44.70, -316.18, -578.24, -547.94
1492673218.59,-648.00, -40.83, -463.29, -412.84, 43.82, -306.47, -576.47, -524.12
1492673218.96,-654.29, -16.25, -452.43, -398.21, 43.53, -309.71, -573.53, -512.65
1492673219.32,-648.86, -25.01, -429.00, -386.57, 42.06, -291.18, -570.30, -519.41
1492673219.69,-582.00, -46.48, -423.00, -495.23, 42.06, -319.41, -595.00, -530.88
1492673219.96,-691.15, -75.86, -430.71, -564.78, 39.12, -343.53, -602.94, -532.94
1492673220.15,-704.86, -105.52, -406.14, -562.39, 39.70, -347.65, -597.35, -540.00
1492673220.33,-684.58, -91.96, -406.14, -542.39, 40.59, -331.18, -592.94, -543.53
1492673220.51,-646.86, -78.12, -403.29, -513.44, 39.41, -306.77, -589.41, -534.41
1492673220.69,-610.58, -78.96, -388.43, -493.74, 38.53, -291.18, -588.53, -545.00
1492673221.06,-612.58, -122.47, -401.00, -595.83, 44.41, -328.53, -498.82, -532.35
1492673221.42,-951.72, -1.28, -590.71, -785.38, 59.70, -738.83, -509.41, -575.59
1492673221.79,-1342.86, 37.70, -915.00, -1098.51, 68.82, -1307.94, -318.53, -376.47
1492673222.25,-1750.00, 29.23, -1181.29, -1402.99, 77.65, -1846.47, -165.88, -232.65
1492673222.71,-2154.29, 21.60, -1374.71, -1740.30, 84.12, -2151.18, -126.77, -182.35
1492673223.07,-2348.29, 16.80, -1605.00, -2078.81, 82.65, -2531.18, -105.88, -154.12
1492673223.44,-2549.15, 14.26, -1769.29, -2250.45, 84.12, -2664.12, -101.47, -138.24
1492673223.8,-2580.86, 13.69, -1698.14, -2100.30, 68.82, -2592.94, -99.41, -139.41
1492673224.17,-2428.00, 13.41, -1719.00, -2161.20, 72.35, -2603.53, -103.24, -135.30
1492673224.54,-2411.72, 12.56, -1727.57, -1962.39, 59.70, -2464.41, -110.59, -136.77
1492673224.81,-2235.72, 13.41, -1543.86, -1808.96, 41.18, -2308.53, -114.71, -139.41
1492673225.09,-2143.72, 13.13, -1478.43, -1730.75, 35.59, -2257.65, -113.24, -137.35
1492673225.36,-2085.43, 13.41, -1443.00, -1692.24, 38.23, -2221.18, -112.65, -137.65
1492673225.63,-2053.15, 13.41, -1429.57, -1708.96, 35.88, -2225.88, -117.06, -141.18
1492673225.91,-2105.43, 13.41, -1476.14, -1792.54, 31.18, -2284.12, -121.47, -142.35
1492673226.46,-2107.72, 13.41, -1439.29, -1670.75, 26.18, -2168.83, -121.77, -138.83
1492673226.82,-2082.29, 13.41, -1310.43, -1615.53, 19.70, -2182.94, -136.47, -146.18
1492673227.19,-2165.72, 13.41, -1369.57, -1638.21, 22.35, -2228.24, -131.77, -142.65
1492673227.55,-2171.43, 13.41, -1368.43, -1616.72, 22.65, -2187.35, -132.06, -139.12
1492673228.01,-2032.86, 13.69, -1283.86, -1515.83, 21.76, -2012.94, -148.24, -149.71
1492673228.28,-1738.86, 14.26, -1176.14, -1281.20, 27.35, -1644.71, -157.35, -153.24
1492673228.65,-1403.43, 15.39, -996.14, -856.12, 38.82, -993.53, -171.47, -162.65
1492673228.92,-950.29, 17.93, -637.29, -419.11, 42.06, -514.41, -247.06, -228.53
1492673229.2,-566.58, 21.88, -333.57, -199.71, 42.06, -259.12, -393.82, -377.65
1492673229.47,-338.00, 21.60, -157.29, -125.38, 34.70, -153.53, -602.35, -525.59
1492673229.84,-267.43, -239.13, -186.71, -154.33, -98.53, -165.59, -684.41, -556.77
1492673230.21,-200.86, -450.43, -232.14, -178.81, -125.00, -163.24, -617.06, -502.65
1492673230.57,-195.72, -39.42, -314.14, -204.48, 36.76, -204.41, -505.88, -468.24
1492673230.94,-225.72, 13.13, -332.43, -212.54, 43.23, -254.41, -505.59, -449.71
1492673231.21,-296.00, -16.82, -346.14, -178.21, 43.53, -267.65, -497.35, -462.65
1492673231.67,-395.43, -135.18, -300.14, -187.47, 42.65, -291.18, -489.12, -445.59
1492673232.04,-493.43, -201.28, -371.29, -280.30, 43.82, -367.94, -497.06, -456.18
1492673232.4,-517.43, -94.78, -406.71, -361.50, 43.53, -376.47, -489.71, -471.18
1492673232.76,-483.43, -87.44, -376.14, -352.54, 43.23, -366.47, -487.06, -457.65
1492673233.22,-464.00, -53.54, -354.43, -337.32, 43.23, -338.83, -485.00, -467.65
1492673233.59,-426.00, -58.62, -316.43, -320.60, 42.06, -305.88, -509.12, -526.47
1492673233.95,-367.72, -309.47, -256.71, -277.02, -37.94, -157.06, -620.88, -648.83
1492673234.23,-250.86, -938.57, -316.71, -265.98, -680.88, -204.71, -724.71, -605.59
1492673234.5,-234.86, -1591.96, -477.29, -357.02, -1280.88, -278.24, -760.59, -624.12
1492673234.96,-260.00, -2221.90, -548.14, -399.11, -1940.30, -330.00, -695.00, -544.12
1492673235.42,-292.29, -2711.45, -585.57, -305.68, -2213.53, -380.30, -623.82, -482.06
1492673235.78,-504.29, -3181.79, -543.29, -222.39, -2068.24, -389.12, -564.71, -472.65
1492673236.06,-415.15, -3254.67, -559.29, -262.09, -2010.88, -374.12, -567.94, -500.00
1492673236.33,-380.86, -3330.66, -596.14, -300.30, -2090.88, -385.59, -585.88, -519.12
1492673236.79,-343.72, -3321.05, -573.00, -296.72, -2096.18, -362.65, -591.18, -548.83
1492673237.25,-278.86, -2919.36, -507.57, -273.74, -1872.65, -317.65, -558.82, -543.53
1492673237.7,-248.58, -2628.96, -471.57, -259.11, -1792.06, -313.24, -552.35, -542.35
1492673237.98,-264.29, -2549.30, -470.71, -263.29, -1647.94, -326.77, -540.88, -532.35
1492673238.25,-253.43, -2490.55, -446.43, -250.75, -1648.53, -303.53, -542.06, -528.24
1492673238.62,-233.43, -2501.84, -456.14, -247.17, -1472.35, -325.30, -532.06, -495.00
1492673239.08,-255.72, -2146.19, -403.00, -131.95, -891.77, -358.53, -506.77, -485.59
1492673239.53,-267.72, -2127.55, -371.29, -143.29, -1139.71, -343.24, -538.82, -489.71
1492673239.99,-299.15, -2293.94, -409.57, -159.41, -1058.82, -372.94, -532.65, -500.88
1492673240.35,-288.58, -2236.03, -446.14, -161.20, -1080.00, -373.24, -533.53, -488.53
1492673240.72,-270.58, -2206.93, -388.43, -148.96, -1186.18, -325.59, -537.94, -486.18
1492673241.0,-260.00, -2241.11, -363.86, -145.08, -1264.12, -345.00, -538.82, -490.59
1492673241.36,-254.86, -2225.86, -350.71, -164.18, -1327.06, -337.06, -547.35, -487.35
1492673241.64,-282.58, -1913.71, -464.14, -204.78, -763.24, -577.06, -552.65, -504.12
1492673242.09,-521.43, -886.31, -707.00, -356.12, -174.71, -883.83, -549.12, -571.18
1492673242.46,-981.72, -159.19, -662.71, -591.05, 47.06, -833.53, -487.65, -520.88
1492673242.82,-1054.00, -1.56, -635.00, -601.20, 52.94, -777.06, -388.82, -427.35
1492673243.28,-1101.72, 41.09, -644.14, -712.24, 53.82, -825.00, -342.94, -376.18
1492673243.83,-1155.72, 41.09, -580.14, -770.45, 53.53, -840.88, -358.82, -374.12
1492673244.38,-1156.29, 39.96, -560.43, -883.29, 37.35, -644.41, -396.18, -391.77
1492673244.74,-997.43, 40.81, -527.00, -870.15, 37.35, -600.30, -417.35, -415.88
1492673245.11,-908.58, 40.53, -601.00, -820.00, 39.41, -595.88, -395.00, -420.59
1492673245.48,-883.43, 41.09, -630.71, -754.33, 42.35, -527.94, -390.00, -407.35
1492673245.84,-768.29, 39.12, -584.14, -812.54, 43.53, -386.77, -389.41, -424.41
1492673246.21,-554.00, 37.99, -556.14, -750.75, 45.88, -346.18, -405.00, -440.59
1492673246.58,-617.72, 38.55, -549.86, -769.56, 46.18, -402.06, -404.41, -444.71
1492673246.85,-725.43, 35.73, -590.43, -991.95, 51.76, -668.83, -309.71, -349.12
1492673247.3,-1081.43, 32.90, -892.71, -1357.62, 57.06, -882.65, -147.06, -205.59
1492673247.85,-1472.00, 24.71, -1045.00, -1763.89, 42.94, -1492.65, -75.30, -114.41
1492673248.4,-1749.15, 19.34, -1339.57, -2049.86, 41.18, -2068.24, -52.65, -88.24
1492673248.77,-1858.86, 15.67, -1325.00, -1981.80, 37.94, -1942.65, -62.35, -88.24
1492673249.14,-1676.29, 15.67, -1130.71, -1788.36, 38.23, -1936.77, -77.65, -99.71
1492673249.41,-1777.43, 15.95, -1183.86, -1878.21, 37.06, -1995.00, -86.77, -106.47
1492673249.77,-1908.86, 15.95, -1213.00, -1957.32, 39.12, -2067.94, -84.12, -106.47
1492673250.14,-2003.15, 16.23, -1294.71, -1919.41, 38.82, -2034.12, -74.41, -96.47
1492673250.51,-1905.43, 15.39, -1260.43, -1758.81, 38.82, -1930.88, -71.18, -91.18
1492673250.96,-1771.43, 15.10, -1221.00, -1616.12, 38.82, -1784.71, -72.65, -90.59
1492673251.33,-1646.00, 15.95, -1155.29, -1516.12, 39.12, -1737.06, -70.00, -87.65
1492673251.79,-1631.72, 15.39, -1164.14, -1588.96, 38.82, -1826.77, -75.88, -93.83
1492673252.15,-1800.58, 15.67, -1277.00, -1855.53, 38.82, -2024.12, -84.12, -100.88
1492673252.52,-1973.15, 15.95, -1319.57, -1915.83, 38.82, -2009.41, -87.35, -102.65
1492673252.88,-1866.86, 15.67, -1298.43, -1797.92, 39.41, -1851.18, -101.47, -111.18
1492673253.25,-1496.29, 15.95, -878.71, -1054.03, 40.00, -962.94, -164.71, -157.35
1492673253.43,-950.86, 18.78, -526.14, -563.59, 40.59, -616.18, -223.53, -204.71
1492673253.62,-740.29, 21.04, -371.00, -373.74, 41.18, -412.35, -291.18, -265.59
1492673253.89,-563.43, 23.01, -304.71, -213.44, 41.76, -272.35, -407.35, -366.18
1492673254.16,-363.15, 19.06, -267.00, -174.03, 42.94, -180.59, -550.88, -471.18
1492673254.53,-196.29, -101.28, -239.00, -200.60, 39.70, -138.83, -547.94, -460.88
1492673254.89,-140.58, -102.13, -279.57, -203.89, 43.82, -155.00, -536.47, -452.65
1492673255.26,-142.29, -12.30, -291.86, -159.41, 42.06, -154.71, -527.65, -472.06
1492673255.54,-131.72, -21.05, -223.86, -212.24, 43.23, -178.24, -516.47, -520.30
1492673255.9,-207.15, -27.55, -271.57, -369.86, 42.65, -264.71, -560.59, -537.65
1492673256.27,-313.15, -127.83, -221.00, -270.15, 35.59, -153.53, -608.82, -532.06
1492673256.54,-189.43, -371.90, -253.29, -237.32, -17.35, -152.65, -635.00, -540.30
1492673256.81,-163.43, -735.18, -301.57, -238.21, -195.00, -166.47, -620.59, -527.06
1492673257.09,-165.43, -1057.21, -323.86, -238.21, -609.41, -183.53, -584.12, -574.12
1492673257.46,-169.15, -1745.91, -361.00, -208.66, -1372.06, -171.77, -560.00, -595.59
1492673257.64,-112.86, -2046.76, -337.29, -183.89, -1417.65, -160.59, -575.30, -607.35
1492673257.91,-110.86, -2075.01, -316.43, -156.12, -1586.77, -162.35, -600.88, -606.77
1492673258.28,-106.86, -2433.20, -349.00, -167.77, -2048.24, -201.77, -630.59, -557.65
1492673258.65,-180.86, -2966.53, -436.14, -172.54, -2140.59, -308.53, -627.06, -541.77
1492673259.01,-319.15, -3210.32, -516.71, -234.63, -2292.06, -330.00, -625.59, -546.47
1492673259.38,-250.86, -3191.96, -499.57, -287.77, -2320.00, -332.65, -637.35, -547.94
1492673259.83,-262.86, -2921.62, -477.86, -293.14, -2316.18, -332.65, -616.47, -537.94
1492673260.2,-215.43, -2457.78, -443.57, -290.45, -2053.24, -345.30, -556.77, -517.35
1492673260.47,-259.15, -1912.30, -431.86, -285.38, -2002.06, -401.18, -542.94, -510.30
1492673260.75,-298.29, -1781.79, -407.86, -301.50, -2108.53, -395.88, -562.65, -495.88
1492673261.02,-289.72, -1901.28, -470.71, -312.54, -2102.35, -410.88, -559.12, -495.59
1492673261.39,-283.72, -1910.04, -435.29, -300.30, -2162.94, -394.12, -564.71, -502.06
1492673261.75,-242.58, -1950.43, -392.71, -289.86, -2190.88, -369.71, -563.82, -499.71
1492673262.03,-241.43, -1920.49, -391.86, -289.26, -2247.35, -366.47, -555.30, -500.00
1492673262.3,-243.43, -1849.30, -366.71, -285.38, -2170.59, -383.83, -547.65, -504.71
1492673262.67,-247.15, -1812.01, -377.00, -300.00, -2150.59, -392.35, -546.77, -503.53
1492673263.13,-235.15, -1765.12, -380.71, -305.08, -2110.59, -381.47, -540.30, -512.94
1492673263.95,-240.86, -1751.56, -395.29, -316.42, -12.06, -393.53, -532.06, -522.06
1492673264.41,-253.15, -1529.81, -486.43, -362.99, -939.41, -752.94, -555.59, -545.30
1492673264.86,-779.43, -559.47, -802.14, -686.87, -12.65, -977.65, -507.06, -522.65
1492673265.23,-1243.72, -39.42, -720.43, -761.80, 47.94, -924.71, -399.41, -457.65
1492673265.6,-1335.43, 35.73, -727.29, -827.47, 49.12, -847.65, -355.30, -422.35
1492673265.96,-1295.43, 33.47, -668.71, -893.74, 46.18, -633.24, -409.12, -421.47
1492673266.23,-1005.15, 33.18, -553.86, -833.14, 42.06, -429.71, -406.18, -430.00
1492673266.69,-835.15, 33.47, -489.86, -781.20, 43.53, -364.71, -440.88, -446.77
1492673267.06,-762.58, 33.75, -447.57, -754.93, 44.41, -333.83, -448.24, -440.30
1492673267.33,-796.00, 32.62, -458.43, -740.00, 45.29, -377.94, -455.30, -450.59
1492673267.61,-806.29, 32.62, -435.86, -699.41, 45.29, -320.00, -443.24, -456.77
1492673267.97,-784.58, 34.60, -475.29, -671.65, 45.29, -305.00, -436.47, -447.35
1492673268.43,-782.58, 34.88, -455.00, -644.78, 45.29, -286.18, -417.06, -470.00
1492673268.89,-656.86, 34.31, -454.71, -629.86, 46.47, -289.41, -412.94, -473.24
1492673269.25,-662.86, 32.90, -453.57, -582.09, 46.47, -336.18, -409.71, -477.35
1492673269.62,-665.72, 32.05, -442.14, -566.57, 45.00, -368.24, -437.06, -470.59
1492673269.98,-670.29, 31.21, -490.14, -582.09, 44.70, -382.35, -450.88, -488.24
1492673270.44,-659.15, 28.66, -477.57, -600.30, 44.41, -395.59, -447.94, -505.88
1492673270.9,-648.29, 29.23, -476.71, -551.35, 45.00, -407.35, -436.77, -495.88
1492673271.26,-625.72, 30.08, -514.43, -551.65, 45.29, -367.06, -435.30, -497.94
1492673271.54,-548.29, 30.92, -518.71, -522.09, 45.59, -370.88, -431.77, -492.94
1492673271.9,-546.00, 30.64, -509.57, -488.96, 45.29, -380.59, -434.41, -485.30
1492673272.27,-551.43, 30.92, -523.29, -482.99, 45.59, -357.94, -434.71, -491.77
1492673272.64,-517.72, 28.95, -483.00, -536.42, 45.00, -401.47, -457.35, -486.18
1492673273.0,-580.58, 26.40, -446.14, -507.47, 45.29, -465.88, -439.12, -393.83
1492673273.46,-577.72, 22.45, -293.29, -275.83, 48.53, -835.00, -301.47, -242.94
1492673273.92,-564.86, 36.29, -276.71, -399.71, 51.76, -752.65, -317.94, -241.18
1492673274.37,-182.58, 20.19, -69.86, -134.63, 39.70, -233.24, -301.47, -219.12
