1493358780.63,9, -40.60, -575.00, -284.71, 3.24
1493358780.63,-20.00, -645.06, -248.14, -53.74, -539.41, -338.24, -308.82, -361.77
1493358781.65,-12.29, -563.43, -195.29, -40.60, -575.00, -284.71, -471.43, 1.55, -182.14, -601.80, -68.24, -281.47, -373.24, -357.06
1493358781.92,-590.58, -30.66, -251.29, -454.33, -160.88, -114.12, -362.35, -345.88
1493358782.2,-341.15, -63.99, -341.57, -354.33, -79.71, -71.77, -427.94, -324.71
1493358782.47,-660.58, -147.04, -259.57, -547.77, -82.94, -136.47, -310.88, -297.35
1493358782.84,-786.58, -212.58, -263.57, -694.63, -105.59, -92.65, -378.82, -362.06
1493358783.21,-614.29, -113.14, -319.00, -809.86, -57.35, -72.65, -448.53, -367.94
1493358783.57,-476.86, -245.91, -210.43, -641.80, -129.71, -50.59, -460.30, -488.24
1493358783.94,-517.72, -235.18, -234.71, -800.60, -141.47, -87.65, -467.94, -481.77
1493358784.39,-676.00, -268.79, -201.86, -655.23, -245.88, -57.94, -370.30, -363.53
1493358784.76,-433.43, -178.96, -168.71, -296.72, -188.24, -127.94, -344.41, -373.24
1493358785.03,-429.72, -163.71, -201.00, -279.41, -187.35, -121.77, -298.82, -314.41
1493358785.22,-368.86, -74.73, -160.71, -211.65, -132.35, -154.12, -329.71, -306.47
1493358785.4,-345.72, -50.15, -143.57, -208.96, -87.35, -144.12, -355.59, -307.35
1493358785.58,-316.86, -63.14, -171.29, -233.44, -101.47, -105.30, -368.24, -313.53
1493358785.77,-309.15, -96.19, -175.29, -310.15, -147.65, -85.00, -392.06, -340.59
1493358785.95,-371.43, -130.38, -160.43, -395.23, -184.12, -107.65, -404.41, -353.53
1493358786.31,-518.86, -177.55, -182.14, -494.93, -227.94, -130.00, -412.94, -315.88
1493358786.68,-560.00, -246.48, -195.29, -513.44, -245.88, -132.06, -377.06, -267.35
1493358787.05,-525.72, -143.94, -177.00, -410.15, -141.77, -109.12, -344.71, -258.53
1493358787.5,-376.00, -135.18, -175.29, -250.45, -114.41, -76.47, -329.12, -285.30
1493358787.96,-343.72, -129.25, -212.14, -245.08, -99.71, -66.77, -323.82, -290.00
1493358788.33,-369.43, -127.55, -203.29, -420.00, -137.65, -78.24, -339.41, -322.65
1493358788.69,-513.15, -187.72, -240.14, -572.54, -155.88, -106.18, -354.12, -345.88
1493358788.96,-600.00, -214.27, -220.14, -559.11, -167.35, -110.59, -349.41, -333.24
1493358789.24,-556.29, -205.52, -217.86, -510.15, -136.77, -97.35, -349.41, -312.65
1493358789.51,-484.58, -158.62, -225.29, -457.02, -112.65, -87.35, -350.59, -296.77
1493358789.79,-430.86, -123.60, -225.29, -390.75, -109.12, -81.18, -343.24, -292.06
1493358790.06,-386.58, -111.45, -231.29, -326.27, -94.41, -77.06, -330.88, -302.65
1493358790.34,-381.43, -97.61, -228.43, -279.41, -84.41, -79.12, -321.77, -290.00
1493358790.61,-357.15, -93.09, -222.71, -244.78, -78.24, -71.18, -326.47, -274.71
1493358790.89,-333.72, -78.40, -223.29, -289.56, -90.88, -68.83, -341.47, -290.88
1493358791.16,-367.43, -111.45, -211.86, -418.81, -124.12, -87.94, -347.35, -328.24
1493358791.71,-532.00, -186.87, -223.29, -560.90, -150.00, -112.65, -350.59, -341.47
1493358792.07,-545.15, -157.49, -215.86, -468.96, -109.12, -104.41, -345.59, -312.35
1493358792.44,-447.72, -120.77, -228.71, -373.14, -98.82, -91.77, -331.47, -297.94
1493358792.81,-399.43, -116.25, -201.86, -447.47, -147.35, -154.41, -336.77, -297.06
1493358793.17,-808.86, -139.98, -155.86, -539.41, -224.41, -366.47, -346.18, -253.53
1493358793.54,-1067.43, -124.44, -179.00, -568.66, -399.41, -745.88, -253.24, -227.35
1493358793.9,-1084.29, -102.69, -99.29, -472.54, -542.06, -1120.30, -211.18, -193.83
1493358794.18,-1082.58, -195.35, -98.43, -487.47, -645.00, -1413.24, -212.35, -209.41
1493358794.45,-1093.15, -279.81, -98.71, -452.24, -721.47, -1570.59, -195.00, -162.35
1493358794.73,-1019.72, -284.05, -122.71, -388.36, -725.00, -1405.88, -199.41, -150.00
1493358795.09,-1009.43, -246.19, -114.71, -394.33, -701.47, -1260.59, -202.06, -150.59
1493358795.46,-925.72, -252.97, -111.29, -359.41, -706.18, -1145.00, -181.18, -146.18
1493358795.83,-815.43, -230.38, -119.00, -365.38, -678.82, -1174.12, -173.82, -147.65
1493358796.19,-933.15, -232.07, -106.43, -431.95, -741.47, -1297.94, -188.24, -141.77
1493358796.46,-900.58, -252.97, -131.29, -412.24, -710.88, -1170.00, -182.06, -135.88
1493358796.92,-747.15, -224.16, -191.00, -420.60, -561.47, -1041.18, -201.47, -142.65
1493358797.29,-604.86, -221.05, -216.14, -379.71, -557.35, -890.88, -192.94, -148.83
1493358797.65,-571.72, -214.27, -222.71, -375.53, -596.47, -826.47, -193.53, -139.41
1493358798.11,-548.29, -195.63, -227.00, -375.53, -555.88, -809.12, -196.47, -163.24
1493358798.57,-559.15, -216.53, -208.14, -413.14, -585.59, -824.12, -239.41, -177.06
1493358798.93,-469.15, -246.48, -419.86, -489.86, -399.41, -299.41, -245.00, -197.35
1493358799.3,-337.72, -367.10, -465.86, -582.99, -184.12, -75.59, -258.24, -226.18
1493358799.57,-297.43, -381.79, -612.71, -722.39, -126.47, -28.83, -308.82, -258.53
1493358799.85,-318.00, -430.38, -633.57, -801.50, -109.41, -24.41, -299.41, -304.71
1493358800.31,-306.86, -428.96, -637.00, -687.17, -89.71, -20.00, -343.82, -376.18
1493358800.76,-290.00, -299.02, -277.00, -497.62, -145.00, -30.88, -357.65, -324.71
1493358801.04,-236.29, -270.77, -213.86, -445.08, -127.94, -22.06, -340.59, -298.24
1493358801.31,-216.29, -230.66, -237.00, -391.35, -95.88, -24.41, -320.30, -310.59
1493358801.58,-237.72, -199.87, -181.57, -381.20, -114.12, -21.47, -337.94, -278.53
1493358802.04,-178.58, -167.10, -143.29, -306.87, -111.18, -37.06, -316.77, -271.18
1493358802.5,-184.58, -138.00, -190.14, -305.98, -86.77, -75.59, -321.18, -276.47
1493358802.96,-186.86, -137.44, -369.86, -305.68, -92.65, -70.30, -319.71, -277.65
1493358803.23,-177.15, -183.20, -350.71, -392.54, -136.18, -46.18, -340.00, -304.41
1493358803.51,-234.00, -222.18, -311.00, -460.60, -149.12, -28.83, -345.88, -323.83
1493358803.87,-240.00, -265.69, -274.71, -479.71, -129.41, -18.53, -343.82, -337.06
1493358804.24,-205.72, -225.86, -343.29, -489.56, -118.24, -17.06, -378.24, -367.65
1493358804.69,-158.29, -308.91, -500.43, -453.74, -201.77, -49.71, -412.94, -370.88
1493358805.06,-161.43, -359.19, -487.86, -479.41, -248.82, -59.71, -421.47, -387.65
1493358805.33,-209.15, -432.92, -449.86, -550.75, -260.00, -67.35, -412.35, -384.41
1493358805.7,-216.58, -379.53, -363.29, -471.05, -246.77, -70.59, -386.47, -346.77
1493358806.07,-182.29, -160.04, -194.14, -383.89, -147.06, -55.00, -349.12, -358.24
1493358806.52,-131.72, -28.12, -151.57, -355.83, -63.53, -34.41, -292.65, -430.59
1493358806.8,-56.29, -2.69, -163.86, -256.72, -100.88, -58.24, -302.94, -462.35
1493358807.25,-24.00, -88.57, -49.00, -74.03, -245.59, -242.65, -287.94, -425.00
