1493358696.96,41, -53.53, -100.00, -106.77
1493358697.98,-17.15, -128.96, -131.29, -71.65, -44.12, -48.53, -94.41, -250.86, 1.55, -295.29, -666.87, -131.47, -52.35, -427.94, -457.35
1493358698.25,-582.29, -39.13, -270.14, -777.92, -64.12, -167.94, -810.59, -1132.94
1493358698.53,-421.43, -20.77, -151.00, -466.57, -116.18, -276.18, -487.35, -445.30
1493358698.8,-221.15, 6.91, -89.00, -285.68, -245.00, -295.59, -511.77, -425.59
1493358699.17,-129.43, 6.63, -112.43, -189.86, -115.88, -51.18, -374.12, -392.35
1493358699.54,-180.00, 1.83, -126.71, -279.41, -186.47, -202.65, -314.12, -357.35
1493358699.9,-296.29, -11.73, -117.57, -215.53, -190.59, -84.41, -625.30, -533.24
1493358700.27,-168.00, -12.58, -324.71, -258.81, -75.88, -16.77, -465.88, -350.00
1493358700.72,-229.15, 0.98, -251.00, -306.27, -150.88, -75.30, -315.88, -376.77
1493358701.09,-377.15, -217.95, -267.29, -471.05, -252.65, -117.35, -519.41, -415.88
1493358701.36,-620.29, -206.65, -263.57, -551.95, -154.12, -77.65, -462.35, -428.24
1493358701.55,-540.58, -153.82, -193.00, -478.51, -108.53, -60.30, -387.06, -411.77
1493358701.73,-483.43, -124.44, -175.00, -426.87, -81.47, -67.65, -377.06, -406.18
1493358701.91,-469.43, -82.92, -127.57, -348.96, -115.59, -66.47, -365.30, -389.12
1493358702.1,-369.43, -69.08, -128.71, -251.35, -186.47, -44.12, -322.65, -373.24
1493358702.28,-289.72, -89.13, -130.43, -248.06, -185.30, -40.59, -429.41, -392.65
1493358702.64,-295.72, -61.73, -138.43, -249.86, -85.88, -65.00, -426.77, -372.35
1493358703.01,-295.43, -46.19, -237.29, -234.63, -91.77, -87.35, -407.06, -351.18
1493358703.38,-306.86, -48.45, -215.00, -307.77, -131.77, -81.18, -447.06, -377.94
1493358703.83,-419.15, -121.05, -196.43, -518.81, -236.77, -96.47, -462.06, -402.65
1493358704.29,-710.29, -271.05, -291.29, -674.63, -260.59, -159.71, -579.12, -407.94
1493358704.65,-712.86, -214.27, -188.14, -476.42, -135.59, -113.24, -444.12, -425.00
1493358705.02,-539.43, -197.89, -149.00, -305.38, -115.59, -83.53, -391.47, -402.06
1493358705.29,-432.29, -209.19, -133.29, -256.12, -96.77, -83.24, -385.88, -411.18
1493358705.57,-416.29, -174.16, -145.86, -317.02, -98.53, -78.83, -411.47, -432.65
1493358706.03,-498.58, -180.09, -171.29, -530.45, -159.12, -96.18, -433.82, -484.41
1493358706.3,-647.43, -282.92, -190.14, -585.68, -188.53, -103.53, -445.88, -460.00
1493358706.58,-575.72, -236.31, -198.43, -526.27, -149.41, -93.53, -420.59, -453.53
1493358706.85,-495.15, -210.04, -212.14, -454.63, -127.06, -77.35, -426.77, -419.12
1493358707.12,-486.29, -195.35, -193.00, -362.99, -125.88, -74.12, -412.35, -408.53
1493358707.4,-490.58, -204.67, -198.43, -306.87, -89.71, -77.06, -390.00, -421.77
1493358707.85,-491.15, -258.91, -218.43, -329.56, -142.35, -95.30, -402.35, -457.35
1493358708.4,-667.43, -341.68, -198.14, -512.24, -211.18, -120.00, -418.53, -461.77
1493358708.77,-596.86, -258.62, -177.57, -448.06, -153.82, -109.12, -423.53, -433.24
1493358709.14,-517.15, -208.34, -180.43, -413.14, -122.35, -94.71, -422.65, -420.30
1493358709.5,-474.00, -191.68, -189.00, -362.99, -100.88, -84.41, -407.65, -411.47
1493358709.87,-405.43, -156.08, -211.57, -237.92, -54.71, -88.53, -316.77, -371.77
1493358710.23,-372.29, -121.34, -196.43, -245.68, -82.94, -77.06, -432.06, -389.71
1493358710.6,-530.29, -223.60, -180.43, -428.06, -146.47, -106.47, -411.47, -450.88
1493358710.96,-648.29, -280.09, -186.43, -497.62, -179.41, -92.06, -423.82, -403.24
1493358711.33,-570.58, -229.25, -167.86, -405.08, -158.53, -109.41, -410.30, -333.24
1493358711.7,-567.43, -158.91, -133.29, -376.72, -147.35, -203.83, -368.24, -340.88
1493358711.97,-817.72, -110.60, -98.71, -384.18, -239.12, -464.71, -300.00, -279.41
1493358712.24,-1004.29, -83.77, -114.14, -463.29, -375.00, -903.83, -259.12, -215.30
1493358712.61,-1108.86, -90.26, -75.86, -461.50, -561.77, -1176.77, -197.06, -150.88
1493358713.07,-1142.58, -242.81, -103.86, -409.86, -695.59, -1484.41, -132.06, -110.00
1493358713.43,-1105.72, -328.12, -105.00, -416.72, -723.53, -1521.77, -156.47, -129.12
1493358713.8,-1158.86, -412.58, -115.29, -434.63, -761.47, -1474.71, -195.00, -160.88
1493358714.17,-930.29, -431.22, -153.57, -388.66, -665.88, -1175.59, -184.71, -156.47
1493358714.53,-776.29, -359.47, -144.14, -364.48, -694.41, -1063.53, -190.59, -146.77
1493358714.99,-697.15, -360.60, -150.71, -335.53, -674.71, -941.47, -184.12, -146.18
1493358715.35,-646.00, -303.26, -162.14, -328.96, -622.94, -897.35, -175.88, -140.59
1493358715.63,-589.15, -297.04, -160.14, -334.63, -681.47, -824.12, -187.06, -143.53
1493358716.36,-556.29, -322.75, -166.14, -374.33, -640.88, -3.53, -323.53, -284.12
1493358716.91,-378.29, -289.70, -347.57, -591.05, -177.94, -59.41, -403.82, -307.06
1493358717.28,-283.15, -362.86, -491.00, -630.75, -112.35, -21.47, -373.82, -324.71
1493358717.55,-254.86, -389.70, -474.43, -525.68, -115.59, -17.35, -365.88, -383.24
1493358717.82,-226.00, -450.43, -472.43, -482.39, -112.06, -19.41, -381.18, -432.94
1493358718.19,-243.72, -332.64, -380.43, -417.92, -108.24, -64.41, -427.94, -402.65
1493358718.65,-304.86, -242.24, -324.43, -421.80, -110.30, -89.12, -410.30, -386.77
1493358719.2,-265.72, -232.07, -331.57, -369.26, -87.06, -70.30, -407.94, -371.18
1493358719.47,-191.15, -165.12, -300.43, -303.89, -70.88, -76.47, -396.18, -375.88
1493358719.74,-198.29, -147.61, -295.29, -302.99, -61.18, -82.65, -389.12, -377.94
1493358720.02,-194.58, -138.00, -290.43, -344.78, -69.71, -88.24, -410.30, -376.18
1493358720.38,-216.86, -157.78, -282.14, -411.35, -87.06, -104.71, -403.82, -400.88
1493358720.75,-258.29, -193.37, -287.29, -445.08, -94.12, -107.65, -402.65, -397.65
1493358721.21,-247.15, -170.21, -297.57, -418.81, -75.30, -90.88, -409.71, -380.00
1493358721.57,-227.15, -141.68, -303.00, -379.71, -59.12, -81.18, -403.82, -373.83
1493358721.85,-221.43, -122.75, -286.14, -349.86, -56.47, -82.65, -395.59, -371.47
1493358722.21,-217.43, -113.14, -281.00, -350.75, -55.00, -79.41, -397.65, -372.06
1493358722.58,-222.29, -108.62, -276.14, -404.18, -67.94, -82.06, -412.65, -389.71
1493358722.94,-267.43, -151.28, -265.86, -518.51, -102.94, -92.65, -418.24, -413.53
1493358723.4,-320.58, -178.68, -259.00, -548.96, -85.59, -98.24, -412.65, -391.47
1493358723.68,-262.29, -126.70, -256.14, -399.71, -69.12, -87.65, -387.65, -382.65
1493358724.04,-242.86, -156.08, -277.57, -341.20, -70.30, -61.47, -380.59, -364.12
1493358724.41,-196.00, -129.25, -272.43, -305.68, -62.06, -63.83, -379.12, -355.30
1493358724.77,-196.00, -101.00, -263.57, -300.90, -62.94, -70.00, -386.18, -356.18
1493358725.14,-216.29, -114.84, -256.43, -440.30, -84.41, -87.94, -408.82, -390.59
1493358725.5,-291.43, -146.76, -246.43, -557.32, -124.12, -103.83, -421.18, -406.47
1493358725.96,-324.00, -175.29, -250.14, -591.65, -125.00, -101.18, -422.35, -389.41
1493358726.33,-278.58, -141.39, -244.71, -497.32, -103.53, -86.77, -418.82, -377.65
1493358726.69,-249.43, -118.23, -257.86, -446.87, -81.18, -77.94, -396.18, -381.77
1493358726.97,-240.58, -113.14, -261.86, -402.39, -73.82, -75.59, -380.88, -355.00
1493358727.24,-222.00, -113.43, -265.86, -376.12, -77.35, -72.35, -386.77, -350.30
1493358727.7,-210.86, -98.74, -238.71, -313.74, -121.18, -57.35, -322.65, -344.12
1493358728.15,-120.29, -52.13, -182.14, -335.23, -75.88, -62.94, -340.88, -497.94
1493358728.52,-46.86, -119.36, -185.86, -176.12, -232.35, -130.30, -285.88, -376.18
