1493358360.31,, -68.82, -159.41, -586.47, -750.59
1493358360.31,-23.43, -62.30, -75.00, -51.35, -220.30, -101.77, -555.88, 
1493358360.31,-31.15, -72.75, -81.86, -73.44, -68.82, -159.41, -586.47, -750.59
1493358361.22,-23.43, -62.30, -75.00, -51.35, -220.30, -101.77, -555.88, -326.86, 2.68, -157.29, -382.09, -167.94, -194.71, -382.35, -337.35
1493358361.49,-444.86, -9.75, -262.14, -457.02, -186.47, -267.35, -493.24, -420.30
1493358361.77,-707.15, -221.62, -211.86, -510.45, -433.82, -320.59, -559.12, -572.35
1493358362.04,-695.43, -258.34, -255.29, -434.63, -293.24, -104.71, -327.06, -280.59
1493358362.41,-543.72, -130.94, -354.71, -437.32, -144.12, -80.88, -378.82, -314.12
1493358362.77,-533.43, -50.43, -346.71, -637.32, -131.47, -116.47, -430.59, -350.00
1493358363.14,-547.43, -183.48, -371.29, -754.93, -177.06, -56.18, -474.12, -420.30
1493358363.5,-660.86, -257.49, -389.57, -916.42, -215.59, -98.53, -457.06, -434.71
1493358363.87,-804.58, -353.54, -466.43, -965.08, -221.77, -73.83, -480.30, -484.71
1493358364.24,-749.72, -265.69, -424.14, -816.12, -130.88, -88.24, -468.82, -487.35
1493358364.6,-607.15, -210.32, -443.29, -626.57, -252.65, -72.06, -411.47, -416.77
1493358364.88,-595.15, -240.83, -367.57, -580.60, -262.35, -181.47, -427.65, -430.59
1493358365.06,-824.58, -436.59, -377.57, -493.14, -332.94, -213.83, -432.65, -470.00
1493358365.24,-917.72, -584.33, -309.57, -529.56, -407.65, -245.30, -445.59, -482.65
1493358365.42,-933.15, -708.06, -231.57, -471.35, -365.59, -214.71, -395.59, -426.47
1493358365.61,-748.86, -502.13, -203.57, -345.38, -247.06, -172.94, -378.82, -404.71
1493358365.97,-460.29, -312.58, -201.00, -277.92, -154.12, -144.71, -371.47, -402.06
1493358366.34,-431.15, -219.64, -244.71, -290.45, -153.53, -134.12, -390.00, -359.12
1493358366.71,-417.43, -202.41, -267.00, -287.47, -149.71, -120.00, -380.59, -361.77
1493358367.16,-500.86, -234.33, -227.00, -474.63, -248.53, -160.59, -385.30, -392.94
1493358367.62,-629.43, -321.05, -227.86, -565.38, -284.12, -169.41, -387.35, -393.24
1493358367.98,-570.00, -267.66, -234.71, -463.29, -232.65, -145.59, -389.12, -360.59
1493358368.35,-530.58, -224.44, -237.57, -357.92, -187.06, -125.59, -378.53, -347.35
1493358368.62,-459.43, -196.19, -229.00, -282.09, -174.41, -117.94, -370.00, -339.41
1493358368.9,-410.86, -183.77, -227.86, -240.00, -171.47, -111.18, -364.12, -313.83
1493358369.36,-386.29, -176.14, -235.29, -380.00, -235.59, -128.24, -366.47, -304.12
1493358369.63,-563.15, -248.74, -239.00, -543.29, -255.30, -165.88, -375.30, -337.06
1493358369.91,-625.43, -275.29, -282.71, -623.59, -211.47, -164.41, -367.35, -344.12
1493358370.18,-599.43, -257.78, -283.00, -553.74, -188.24, -147.35, -367.94, -333.53
1493358370.45,-522.00, -205.52, -256.71, -463.29, -173.82, -134.12, -361.77, -326.77
1493358370.73,-463.15, -178.68, -244.14, -389.26, -163.24, -129.71, -349.71, -325.59
1493358371.18,-433.43, -158.34, -257.57, -335.23, -139.41, -118.24, -352.06, -315.00
1493358371.55,-414.58, -174.73, -274.71, -445.98, -173.24, -117.06, -357.94, -355.59
1493358371.92,-532.00, -243.94, -262.14, -529.86, -231.77, -140.30, -367.06, -372.06
1493358372.28,-555.15, -234.61, -249.29, -485.68, -212.35, -134.12, -365.30, -355.00
1493358372.65,-490.58, -171.34, -256.43, -396.42, -146.18, -120.30, -362.94, -342.94
1493358373.01,-441.72, -138.57, -266.71, -338.21, -129.71, -118.83, -361.18, -302.65
1493358373.47,-506.29, -117.10, -299.86, -530.15, -67.65, -195.59, -368.82, -284.41
1493358373.84,-896.58, -46.19, -323.00, -756.72, -44.12, -201.47, -340.88, -272.06
1493358374.11,-1174.86, 2.96, -351.00, -968.66, -41.47, -182.94, -419.41, -324.12
1493358374.39,-1361.72, 2.96, -364.71, -1105.08, -45.59, -273.24, -327.35, -206.18
1493358374.75,-1434.58, 0.70, -239.57, -1222.69, -13.82, -295.00, -161.77, -99.12
1493358375.12,-1602.00, 1.26, -231.00, -1586.87, -36.18, -329.41, -187.35, -127.65
1493358375.39,-1825.15, 1.26, -332.71, -1950.45, -7.35, -347.65, -136.77, -85.00
1493358375.76,-1860.00, 0.98, -372.71, -2095.83, -8.82, -475.88, -108.82, -66.18
1493358376.03,-1809.15, 0.70, -375.29, -2014.33, -12.94, -483.24, -100.00, -58.24
1493358376.49,-1618.58, 0.70, -378.14, -1882.09, -12.06, -366.47, -118.24, -77.35
1493358376.86,-1463.72, 1.26, -362.71, -1864.78, -17.35, -382.06, -124.41, -98.24
1493358377.22,-1517.15, 1.6, -308.71, -1741.50, -19.12, -355.00, -143.82, -135.59
1493358377.68,-1433.72, 2.11, -127.86, -1040.00, -48.24, -84.41, -237.94, -279.12
1493358378.13,-868.58, -1.00, -65.29, -446.57, -282.35, -61.47, -306.47, -278.83
1493358378.5,-396.00, -39.42, -195.57, -139.71, -652.06, -127.06, -282.35, -251.77
1493358378.87,-150.86, -538.85, -250.71, -86.87, -881.18, -237.94, -235.88, -254.12
1493358379.14,-115.15, -939.42, -298.14, -122.69, -939.12, -289.71, -261.47, -281.47
1493358379.42,-124.86, -844.50, -344.14, -164.78, -601.18, -347.94, -268.53, -307.94
1493358379.87,-159.15, -477.55, -425.57, -213.14, -334.12, -424.12, -279.41, -296.18
1493358380.33,-196.58, -312.86, -438.71, -251.05, -225.30, -447.35, -292.94, -315.59
1493358380.69,-197.15, -294.50, -456.43, -341.80, -348.53, -305.88, -315.00, -312.65
1493358380.97,-161.15, -366.53, -455.00, -300.60, -272.65, -302.35, -317.35, -312.94
1493358381.24,-166.29, -318.51, -437.00, -277.32, -254.71, -278.83, -348.53, -335.00
1493358381.7,-111.43, -265.40, -427.57, -272.24, -275.59, -260.30, -353.24, -349.41
1493358382.16,-225.43, -323.03, -417.00, -377.32, -258.82, -325.88, -350.59, -355.00
1493358382.62,-271.15, -274.44, -420.71, -392.24, -228.53, -343.83, -341.18, -325.88
1493358382.89,-206.29, -208.34, -411.57, -353.14, -188.53, -294.12, -339.71, -303.83
1493358383.16,-168.58, -167.10, -311.86, -296.72, -247.06, -255.30, -313.82, -266.47
1493358383.53,-143.43, -102.97, -257.57, -262.99, -189.41, -271.18, -229.71, -178.53
1493358383.9,-247.15, -5.80, -183.57, -299.41, -75.30, -128.24, -196.77, -197.06
1493358384.35,-186.29, 2.96, -209.29, -364.48, -56.77, -81.18, -227.35, -291.47
1493358384.72,-211.15, -18.23, -296.14, -268.36, -300.88, -307.65, -181.18, -271.47
1493358384.99,-49.43, -145.35, -156.43, -96.12, -172.65, -215.59, -277.35, -401.18
1493358385.36,-29.15, -65.40, -66.14, -78.51, -60.88, -205.00, -206.18, -258.24
1493358385.79,-25.72, -271.34, -59.57, -32.24, -249.12, -253.24, -156.18, -211.47
