1492673538.85,43.82,  489.29, -847.47, 612.06, -155.00, -220.00
1492673538.85,-894.86, 30.08, -492.14, -851.95, 56.76, -773.24, -114.12, -144.41
1492673538.85,-918.86, 30.08, -489.29, -847.47, 612.06, -155.00, -220.00
1492673538.85,-894.86, 30.08, -492.14, -851.95, 56.76, -773.24, -114.12, -144.41
1492673539.78,-918.86, 30.08, -489.29, -847.47, -215.72, 44.48, -258.71, -264.78, 46.18, -116.47, -579.71, -525.00
1492673540.05,-162.00, 23.58, -224.71, -222.99, 42.65, -105.88, -606.77, -547.94
1492673540.32,-188.86, 4.09, -174.14, -183.89, 41.76, -114.71, -606.47, -527.06
1492673540.6,-231.15, 8.61, -162.43, -200.90, 40.59, -155.30, -617.94, -528.24
1492673540.96,-284.86, 13.69, -175.57, -226.27, 42.35, -184.41, -589.71, -510.59
1492673541.33,-269.72, 25.84, -186.43, -228.96, 43.53, -177.94, -589.71, -505.30
1492673541.7,-256.58, 30.36, -205.29, -225.98, 43.82, -156.77, -580.88, -506.77
1492673542.06,-227.15, 34.60, -205.86, -249.56, 45.88, -181.47, -554.12, -527.65
1492673542.43,-208.58, 36.86, -199.86, -296.12, 47.35, -198.83, -594.12, -573.53
1492673542.79,-330.29, 28.10, -313.86, -518.51, 45.00, -236.18, -559.12, -608.83
1492673543.16,-277.43, 0.13, -587.57, -596.12, 46.47, -231.18, -557.06, -607.65
1492673543.43,-218.58, -91.11, -689.57, -657.32, 46.18, -273.83, -601.18, -654.41
1492673543.62,-217.15, -217.66, -767.29, -683.29, 45.59, -310.00, -591.47, -673.83
1492673543.8,-235.15, -280.38, -820.14, -737.32, 45.29, -350.59, -609.12, -725.30
1492673543.98,-250.00, -265.97, -834.71, -735.23, 45.59, -363.83, -643.24, -752.65
1492673544.17,-269.15, -262.58, -744.71, -741.50, 45.29, -240.30, -671.77, -655.30
1492673544.53,-284.29, -276.42, -777.00, -720.30, 45.29, -284.41, -652.94, -759.12
1492673544.9,-212.00, -389.42, -660.14, -648.36, 44.70, -218.24, -685.30, -675.88
1492673545.26,-208.58, -499.30, -617.86, -602.69, 44.70, -214.41, -665.30, -689.12
1492673545.72,-214.00, -460.04, -574.14, -555.23, 44.70, -175.59, -668.24, -646.47
1492673546.18,-210.29, -480.38, -500.14, -456.72, 44.70, -162.35, -629.71, -566.18
1492673546.54,-371.72, -252.69, -419.57, -273.44, 44.12, -362.35, -595.88, -570.30
1492673546.91,-571.43, -107.49, -326.71, -262.99, 43.82, -510.88, -564.41, -507.35
1492673547.28,-736.58, -56.08, -265.86, -272.54, 43.82, -588.24, -550.30, -470.59
1492673547.64,-825.15, -52.69, -246.71, -312.24, 42.06, -676.18, -506.47, -512.35
1492673548.01,-904.58, -38.85, -238.71, -328.66, 43.23, -655.88, -486.77, -534.41
1492673548.28,-840.58, 15.95, -300.43, -328.06, 45.88, -537.35, -491.47, -466.77
1492673548.56,-613.15, 10.58, -356.14, -322.99, 45.59, -351.47, -483.24, -459.12
1492673548.83,-479.72, -1.28, -353.00, -294.93, 45.59, -314.12, -471.77, -452.35
1492673549.11,-504.29, 2.68, -272.43, -281.80, 45.00, -479.71, -463.82, -439.71
1492673549.38,-753.43, -10.32, -195.86, -297.92, 42.35, -667.94, -474.71, -455.59
1492673549.93,-865.43, -10.04, -186.71, -269.26, 17.65, -717.65, -316.77, -366.47
1492673550.29,-952.86, 10.30, -233.57, -316.12, -82.65, -744.71, -220.88, -290.00
1492673550.66,-912.29, 4.09, -225.57, -304.78, -94.41, -737.35, -184.12, -237.35
1492673551.03,-974.86, 15.39, -300.43, -374.63, -98.53, -846.77, -174.71, -243.53
1492673551.39,-1064.86, 21.60, -267.00, -348.36, -127.94, -770.88, -182.35, -249.12
1492673551.76,-849.72, 1.26, -217.00, -272.84, -227.06, -649.41, -216.18, -260.30
1492673552.12,-782.58, -6.65, -229.29, -276.72, -245.30, -614.12, -223.24, -262.06
1492673552.4,-716.86, -0.43, -242.71, -308.96, -177.06, -602.65, -237.35, -301.77
1492673552.67,-663.43, -10.60, -232.43, -284.18, -236.18, -565.00, -220.30, -287.06
1492673552.95,-642.00, -2.97, -233.29, -303.59, -199.12, -557.65, -237.06, -302.94
1492673553.31,-616.58, 6.06, -250.71, -321.50, -180.88, -529.71, -244.12, -315.00
1492673553.68,-544.86, 9.17, -385.29, -400.30, -114.71, -482.94, -265.59, -331.77
1492673554.04,-478.58, 29.51, -587.29, -597.92, 30.00, -372.65, -303.82, -362.94
1492673554.41,-380.29, 21.04, -647.57, -620.00, 44.70, -286.47, -306.77, -361.47
1492673554.68,-334.29, 10.87, -650.71, -628.06, 45.00, -268.24, -307.94, -351.77
1492673555.14,-290.29, -38.85, -560.71, -508.36, 43.23, -180.00, -325.00, -344.41
1492673555.51,-187.15, -154.95, -405.29, -367.47, 41.76, -110.88, -382.94, -391.18
1492673555.87,-111.72, -236.59, -268.71, -285.98, 45.88, -109.71, -460.00, -435.30
1492673556.24,-138.29, -79.25, -190.43, -246.57, 48.23, -162.94, -433.82, -470.88
1492673556.69,-152.29, -4.10, -177.57, -251.35, 49.41, -189.12, -417.94, -458.53
1492673557.06,-172.58, 2.39, -225.57, -282.09, 46.18, -151.77, -421.47, -484.71
1492673557.33,-121.15, -27.55, -353.29, -344.18, 39.70, -138.83, -443.82, -510.88
1492673557.61,-150.00, -106.08, -567.57, -518.81, 44.41, -187.65, -446.47, -540.59
1492673557.88,-194.58, -212.30, -692.71, -626.27, 42.65, -201.77, -459.12, -572.65
1492673558.34,-198.29, -369.64, -682.71, -645.08, 43.53, -208.24, -567.06, -695.88
1492673558.8,-199.43, -619.36, -683.86, -574.33, 45.29, -200.00, -600.00, -675.30
1492673559.16,-191.72, -726.99, -691.29, -665.68, 45.59, -246.77, -589.71, -651.47
1492673559.53,-229.15, -764.27, -637.00, -647.77, 45.29, -256.18, -600.00, -621.77
1492673559.8,-240.86, -786.31, -634.71, -653.74, 45.59, -245.30, -601.47, -607.65
1492673560.26,-261.43, -755.23, -550.14, -610.45, 45.59, -251.47, -590.88, -595.00
1492673560.72,-254.29, -778.40, -509.00, -555.53, 44.70, -214.12, -585.00, -587.65
1492673561.09,-252.00, -728.12, -501.57, -531.35, 44.70, -187.94, -581.18, -583.83
1492673561.36,-223.43, -771.05, -482.71, -507.77, 45.00, -191.18, -586.47, -565.30
1492673561.63,-297.43, -683.77, -406.14, -451.65, 45.00, -225.59, -591.18, -570.30
1492673562.0,-408.86, -525.86, -333.57, -354.63, 44.70, -318.83, -587.94, -549.71
1492673562.36,-568.29, -303.54, -291.86, -276.42, 43.82, -396.47, -554.12, -517.06
1492673562.82,-615.15, -134.90, -195.86, -211.35, 41.76, -430.88, -513.53, -457.65
1492673563.28,-649.72, -48.74, -190.71, -222.69, 44.70, -508.53, -457.35, -452.06
1492673563.65,-719.15, -60.32, -178.43, -256.72, 42.06, -556.47, -419.12, -485.30
1492673564.01,-858.29, -78.68, -265.57, -359.71, 41.76, -650.00, -442.94, -461.18
1492673564.38,-802.58, -60.88, -252.43, -350.75, 44.12, -476.47, -425.88, -436.18
1492673564.74,-578.86, -53.26, -254.71, -319.71, 41.47, -371.47, -401.77, -440.59
1492673565.02,-554.86, -49.87, -190.14, -261.80, 43.53, -528.83, -422.35, -396.77
1492673565.48,-773.43, -26.42, -168.14, -254.63, 43.23, -608.53, -333.24, -398.24
1492673565.84,-849.15, 5.78, -195.57, -275.23, 34.41, -650.00, -234.12, -267.65
1492673566.21,-825.15, -13.43, -190.14, -252.24, -22.65, -580.00, -191.77, -250.59
1492673566.57,-720.86, -11.17, -167.29, -220.90, -102.65, -542.65, -144.41, -177.65
1492673567.03,-706.58, -45.06, -177.86, -268.66, -210.59, -692.35, -167.65, -232.35
1492673567.58,-832.86, -28.68, -323.57, -434.03, -22.06, -617.06, -216.47, -247.94
1492673567.94,-661.43, -16.82, -281.29, -376.12, -125.59, -601.77, -207.35, -246.18
1492673568.31,-588.00, -48.45, -323.29, -391.65, -143.24, -534.12, -211.77, -264.71
1492673568.58,-509.43, -16.25, -364.14, -412.84, -49.41, -480.88, -212.35, -252.06
1492673568.95,-470.00, -8.06, -346.14, -388.36, -66.77, -476.47, -214.12, -268.53
1492673569.31,-455.72, -1.28, -325.57, -385.68, -89.41, -432.06, -235.59, -300.30
1492673569.68,-402.00, 3.24, -495.57, -564.18, 22.06, -392.94, -260.30, -305.59
1492673570.05,-370.29, -3.82, -603.00, -626.57, 42.65, -289.71, -253.24, -285.30
1492673570.32,-316.00, -7.49, -557.57, -572.54, 46.18, -247.94, -242.65, -266.18
1492673570.78,-276.00, 12.28, -526.14, -521.80, 45.88, -220.59, -249.12, -294.41
1492673571.33,-214.58, -6.65, -424.43, -343.29, 37.65, -124.41, -267.65, -278.83
1492673571.88,-132.58, -97.04, -302.14, -264.48, 39.12, -109.71, -287.06, -299.41
1492673572.24,-138.29, -61.17, -347.29, -332.84, 46.47, -119.12, -372.06, -356.47
1492673572.61,-119.15, -36.87, -285.29, -293.74, 46.76, -89.12, -382.94, -385.00
1492673572.88,-74.29, -10.04, -270.43, -248.96, 52.35, -75.00, -404.12, -376.77
1492673573.25,-78.29, 9.17, -274.14, -241.20, 52.65, -75.30, -410.30, -423.24
1492673573.61,-134.00, 5.22, -273.86, -284.18, 44.41, -93.53, -409.41, -398.83
1492673573.98,-150.00, -18.79, -300.43, -292.24, 48.23, -86.77, -397.94, -420.88
1492673574.44,-132.86, 6.63, -265.00, -275.83, 52.65, -64.71, -414.71, -437.35
1492673574.8,-78.58, 9.74, -239.86, -239.11, 44.70, -62.65, -419.12, -435.30
1492673575.17,-89.15, -14.27, -258.71, -257.02, 53.23, -102.06, -428.82, -457.94
1492673575.63,-142.86, -33.77, -252.71, -291.95, 38.23, -92.65, -428.82, -462.65
1492673576.08,-136.00, -10.04, -245.57, -270.15, 54.70, -90.00, -431.47, -454.71
1492673576.45,-116.86, 9.17, -247.29, -288.36, 46.18, -102.65, -442.94, -454.41
1492673576.72,-193.15, -16.82, -261.00, -290.15, 44.12, -112.65, -444.12, -425.88
1492673577.0,-154.00, 0.42, -248.71, -264.78, 58.53, -93.53, -412.06, -440.00
1492673577.27,-100.29, 23.86, -232.43, -240.30, 52.94, -82.35, -421.18, -434.71
1492673577.55,-89.43, 20.75, -241.57, -227.47, 51.47, -72.06, -418.24, -433.24
1492673577.91,-80.86, 12.56, -255.86, -246.57, 46.47, -79.41, -442.94, -440.00
1492673578.28,-149.43, 0.70, -210.71, -292.84, 52.94, -116.47, -455.88, -441.18
1492673578.64,-201.72, -23.03, -173.57, -264.18, 38.23, -119.71, -460.30, -447.94
1492673578.92,-210.00, -20.21, -201.86, -303.89, 51.47, -121.18, -466.47, -436.18
1492673579.19,-206.00, -13.43, -218.14, -282.69, 57.65, -132.06, -457.06, -458.24
1492673579.56,-208.58, 6.35, -188.43, -265.68, 61.18, -127.35, -442.35, -478.24
1492673579.83,-130.86, 29.51, -231.00, -266.87, 57.35, -92.06, -447.94, -447.65
1492673580.11,-115.15, 23.86, -236.14, -222.99, 42.06, -74.71, -434.41, -442.35
1492673580.38,-114.29, 21.04, -221.86, -208.66, 52.65, -77.35, -436.77, -461.47
1492673580.65,-121.15, 18.49, -208.71, -258.51, 62.06, -85.30, -457.35, -450.30
1492673581.02,-177.15, -41.96, -197.29, -309.86, 53.53, -109.71, -468.82, -451.47
1492673581.29,-222.00, -50.71, -184.43, -312.24, 53.23, -127.06, -459.41, -467.06
1492673581.66,-212.86, -26.14, -194.14, -277.62, 47.94, -110.88, -450.88, -467.94
1492673582.03,-151.72, -3.26, -214.71, -218.81, 44.41, -94.41, -449.41, -465.00
1492673582.39,-124.29, 4.65, -239.29, -190.15, 37.65, -79.71, -448.24, -435.59
1492673582.76,-106.00, -6.65, -213.57, -245.68, 46.47, -100.00, -450.00, -447.06
1492673583.12,-182.00, -41.39, -203.57, -298.51, 40.59, -150.30, -469.71, -456.18
1492673583.4,-229.43, -62.58, -190.71, -287.77, 34.41, -149.12, -462.35, -457.06
1492673583.76,-198.86, -48.74, -183.57, -237.32, 36.76, -116.47, -452.94, -443.83
1492673584.04,-163.72, -38.29, -194.43, -207.17, 40.29, -103.83, -445.00, -445.59
1492673584.31,-146.29, -13.71, -201.86, -180.30, 35.88, -96.18, -440.30, -435.00
1492673584.59,-142.86, -7.49, -207.57, -141.80, 36.18, -94.41, -439.71, -420.59
1492673584.95,-138.58, 0.98, -186.14, -134.93, 35.88, -86.18, -442.35, -434.41
1492673585.32,-124.86, -30.94, -177.86, -195.53, 34.12, -129.12, -458.53, -441.47
1492673585.59,-210.58, -84.05, 12003.86, -231.95, 34.41, -165.30, -474.71, -456.47
1492673585.87,-237.72, -85.74, -166.43, -261.20, 37.65, -159.71, -472.35, -449.71
1492673586.23,-204.29, -54.95, -175.29, -229.56, 47.35, -142.06, -458.82, -445.30
1492673586.69,-159.43, -27.83, -210.71, -217.62, 48.53, -149.71, -426.18, -363.83
1492673587.06,-189.15, 37.99, -157.57, -234.03, 64.70, -363.83, -319.41, -236.47
1492673587.42,-389.43, 36.01, -322.71, -534.03, 70.00, -604.12, -260.00, -193.24
1492673587.7,-653.43, 30.36, -578.43, -667.47, 64.70, -590.00, -206.77, -187.06
