1493359415.64,3.24, -562.65, -358.53
1493359415.64,4.57, 2.11, -402.43, -287.17, 56.47, -433.83, -727.94, -444.41
1493359415.64,4.28, 3.52, -402.14, -291.95, 59.41, -373.24, -562.65, -358.53
1493359415.65,4.57, 2.11, -402.43, -287.17, 56.47, -433.83, -727.94, -444.41
1493359416.57,4.28, 3.52, -402.14, 5.71, 1.83, -246.14, -548.66, 39.41, -231.47, -568.24, -482.94
1493359416.85,5.42, -0.15, -245.86, -486.27, 50.59, -215.30, -595.88, -491.77
1493359417.12,5.14, -3.26, -235.57, -371.35, 26.18, -215.30, -744.41, -650.88
1493359417.4,5.2, -4.10, -288.43, -534.63, 37.35, -194.41, -704.12, -722.35
1493359417.76,5.42, -3.82, -294.43, -534.03, 40.00, -182.35, -685.59, -679.12
1493359418.13,5.14, 0.42, -280.43, -508.36, 42.06, -188.83, -685.30, -658.53
1493359418.49,5.42, 1.55, -253.29, -493.14, 37.06, -192.06, -639.71, -633.24
1493359418.86,4.85, 3.52, -219.57, -433.44, 25.29, -161.47, -607.65, -607.06
1493359419.22,5.14, 2.68, -111.57, -386.87, 24.70, -143.53, -751.47, -735.88
1493359419.59,5.14, 2.39, -156.14, -457.02, 30.59, -160.59, -604.41, -658.53
1493359419.96,5.42, -1.84, -260.43, -421.20, 33.53, -218.53, -588.82, -611.47
1493359420.23,5.42, -2.97, -269.86, -380.30, 30.00, -217.06, -595.88, -606.77
1493359420.42,5.42, -2.97, -250.14, -368.66, 32.65, -212.06, -577.06, -598.83
1493359420.6,5.14, -2.41, -249.86, -377.02, 39.12, -217.65, -579.71, -574.71
1493359420.78,5.14, -2.13, -265.29, -322.09, 33.53, -229.41, -568.53, -533.24
1493359420.96,5.14, 0.13, -210.71, -153.74, 35.00, -219.41, -488.82, -516.18
1493359421.33,5.14, 2.68, -176.71, -128.06, 42.06, -238.83, -519.12, -494.41
1493359421.69,5.14, 3.52, -225.00, -132.24, 35.88, -234.12, -502.65, -505.00
1493359422.06,5.14, 4.65, -147.29, -115.23, 32.65, -202.06, -492.94, -507.65
1493359422.52,5.71, 3.81, -110.71, -137.32, 33.53, -200.88, -529.41, -533.83
1493359422.98,4.85, 0.42, -191.00, -251.35, 48.82, -211.18, -578.53, -560.00
1493359423.34,5.14, 2.39, -238.71, -354.33, 54.41, -212.65, -600.00, -567.94
1493359423.7,5.14, 0.42, -267.57, -391.35, 55.00, -198.53, -599.41, -616.47
1493359424.07,5.14, -1.28, -250.14, -387.77, 53.53, -181.18, -607.06, -599.71
1493359424.35,4.85, -1.28, -242.14, -395.53, 47.94, -166.77, -616.47, -581.77
1493359424.71,5.14, -1.28, -221.86, -395.83, 45.59, -153.24, -618.82, -564.41
1493359424.99,5.14, -0.43, -207.00, -401.50, 40.59, -140.00, -604.12, -552.65
1493359425.26,5.14, 0.70, -179.29, -387.47, 35.59, -136.77, -605.59, -544.41
1493359425.54,5.14, 1.26, -168.43, -370.15, 31.47, -135.59, -605.00, -561.77
1493359425.81,5.14, -1.56, -183.00, -377.62, 39.70, -165.30, -604.12, -571.18
1493359426.08,5.14, -2.41, -273.00, -411.35, 46.18, -188.53, -616.47, -561.47
1493359426.54,5.14, -1.84, -255.86, -400.60, 42.65, -175.59, -612.94, -540.59
1493359426.91,5.42, 0.70, -216.43, -386.87, 43.53, -155.59, -575.88, -523.83
1493359427.27,4.85, 2.39, -186.71, -381.80, 45.59, -154.41, -617.65, -518.53
1493359427.64,5.14, -0.71, -201.29, -366.27, 42.35, -166.77, -596.77, -510.59
1493359428.01,5.14, -2.41, -300.71, -371.05, 35.29, -207.94, -605.00, -505.30
1493359428.37,4.85, -4.39, -323.86, -346.27, 34.41, -209.71, -610.00, -524.41
1493359428.83,5.14, -6.65, -271.57, -223.29, 57.94, -265.00, -673.53, -565.30
1493359429.19,5.14, -47.04, -338.43, -164.78, 57.06, -310.88, -670.00, -570.88
1493359429.47,5.42, -88.85, -319.00, -94.93, 50.88, -334.71, -653.82, -541.47
1493359429.74,5.14, -104.67, -351.29, -100.90, 47.35, -340.59, -691.47, -595.30
1493359430.11,5.14, -163.14, -336.43, -91.95, 35.88, -350.00, -704.41, -657.35
1493359430.47,5.14, -356.93, -313.29, -81.80, -40.30, -320.88, -693.82, -700.30
1493359430.84,4.85, -523.88, -321.00, -77.62, -141.18, -329.41, -674.41, -701.18
1493359431.2,4.85, -508.62, -310.71, -68.36, -87.65, -279.41, -643.53, -660.30
1493359431.48,4.85, -356.36, -272.14, -68.06, -55.30, -258.83, -605.00, -634.12
1493359431.94,5.14, -313.14, -326.14, -119.71, -72.65, -310.59, -620.00, -620.59
1493359432.3,5.14, -333.77, -435.86, -128.96, -93.53, -348.24, -648.24, -601.47
1493359432.67,5.14, -376.99, -451.00, -147.17, -115.00, -329.41, -677.06, -577.65
1493359433.13,4.85, -295.63, -375.29, -126.57, -170.59, -283.24, -674.41, -548.24
1493359433.58,4.57, -232.92, -273.29, -68.36, -225.59, -261.47, -632.65, -562.94
1493359433.95,4.57, -311.73, -273.86, -47.17, -247.65, -269.12, -619.41, -577.06
1493359434.22,4.57, -254.95, -309.86, -33.14, -239.12, -302.35, -569.12, -600.00
1493359434.5,4.28, -214.56, -381.57, -20.00, -268.24, -336.77, -540.30, -568.24
1493359434.77,4.28, -231.22, -376.14, -10.15, -285.30, -334.41, -516.18, -532.94
1493359435.23,4.28, -222.75, -356.43, -16.72, -189.12, -302.35, -530.59, -529.12
1493359435.69,4.00, -38.00, -287.00, -90.75, 22.06, -188.83, -457.94, -376.18
1493359436.05,4.28, 11.15, -189.29, -155.83, 27.65, -125.00, -343.82, -269.71
1493359436.32,4.57, 11.43, -159.57, -209.86, 26.18, -116.77, -262.94, -234.41
1493359436.6,4.57, 10.30, -129.29, -207.17, 27.94, -106.18, -232.94, -240.00
1493359437.06,4.57, 7.76, -136.43, -283.89, 35.00, -113.53, -318.24, -325.00
1493359437.51,4.85, 4.94, -217.00, -274.33, 17.06, -109.41, -331.18, -345.30
1493359437.97,4.85, 5.50, -158.43, -264.18, 16.76, -99.12, -355.59, -337.94
1493359438.25,4.57, 2.68, -90.14, -228.06, 15.88, -89.41, -339.41, -340.59
1493359438.52,5.14, -4.67, -81.57, -226.57, 16.76, -91.18, -351.47, -347.65
1493359438.88,5.14, -4.95, -87.29, -216.12, 20.88, -94.71, -358.82, -348.24
1493359439.25,4.85, -5.80, -115.00, -239.71, 26.47, -101.77, -372.35, -358.83
1493359439.71,4.85, -7.49, -232.71, -319.71, 36.47, -129.12, -380.30, -387.35
1493359440.17,4.85, -9.75, -273.57, -322.09, 34.70, -125.30, -386.18, -381.77
1493359440.53,5.14, -2.41, -219.00, -320.60, 39.70, -122.94, -403.82, -365.00
1493359440.9,5.14, 4.94, -215.57, -403.29, 47.65, -121.77, -420.88, -451.47
1493359441.26,4.85, 5.50, -252.71, -354.63, 52.06, -139.71, -386.77, -505.88
1493359441.72,4.85, 7.76, -220.14, -166.87, 51.18, -149.12, -394.12, -546.18
1493359442.18,4.85, -5.52, -317.86, -31.65, 45.29, -270.59, -272.94, -422.35
