1493359455.68,4.85, 85, -4.95, -288.43, -43.89, 67.35, -295.30, -217.65, -280.00
1493359455.68,4.28, -8.62, -295.29, -24.18, 58.53, -272.06, -212.65, -258.53
1493359455.68,4.85, -4.95, -288.43, -43.89, 67.35, -295.30, -217.65, -280.00
1493359456.61,4.28, 4.7, 2.68, -252.14, -268.36, 49.41, -215.30, -500.30, -590.30
1493359456.89,5.42, 5.22, -296.14, -404.18, 52.06, -205.00, -760.88, -664.12
1493359457.16,5.71, 3.52, -334.43, -424.18, 28.82, -193.24, -559.71, -475.00
1493359457.44,5.14, -2.97, -278.14, -416.42, 45.29, -168.53, -425.59, -407.65
1493359457.8,4.85, -6.08, -287.57, -427.47, 58.82, -145.59, -425.00, -331.77
1493359458.17,4.85, -3.82, -245.29, -536.12, 40.59, -131.18, -497.06, -510.00
1493359458.53,5.42, -25.57, -205.57, -366.57, 41.47, -95.00, -508.53, -434.41
1493359458.9,5.42, -12.30, -190.71, -413.14, 36.18, -71.47, -584.12, -489.12
1493359459.26,5.42, -20.77, -188.43, -391.05, 48.53, -102.94, -492.94, -489.12
1493359459.63,5.71, -25.29, -296.14, -438.81, 46.76, -114.12, -488.82, -452.35
1493359460.0,5.71, -28.68, -264.43, -406.87, 47.06, -97.35, -485.00, -463.53
1493359460.27,5.42, -17.95, -247.29, -482.69, 45.00, -75.88, -551.18, -469.12
1493359460.45,5.71, -34.90, -259.57, -522.39, 49.41, -70.30, -571.77, -480.59
1493359460.63,5.71, -42.52, -275.86, -495.83, 54.12, -70.88, -554.12, -497.65
1493359460.82,5.14, -31.79, -235.29, -445.98, 55.29, -74.71, -580.59, -491.47
1493359461.0,5.14, -17.38, -162.71, -386.27, 47.06, -62.94, -567.35, -462.65
1493359461.37,5.42, -9.75, -87.29, -332.84, 37.35, -66.18, -489.71, -443.83
1493359461.73,5.71, -3.82, -90.14, -313.14, 35.00, -72.94, -480.59, -442.35
1493359462.1,5.14, -15.97, -204.71, -414.03, 43.53, -89.41, -480.59, -469.71
1493359462.56,5.42, -26.42, -269.86, -430.15, 47.94, -125.30, -483.24, -464.71
1493359463.01,5.42, -24.16, -257.29, -411.35, 42.06, -110.30, -488.53, -440.59
1493359463.38,5.42, -12.58, -155.86, -344.78, 31.47, -76.18, -463.53, -409.71
1493359463.74,5.71, -2.41, -71.86, -277.62, 31.76, -62.06, -460.88, -394.41
1493359464.02,5.42, -2.69, -70.14, -262.69, 33.23, -65.59, -462.35, -389.41
1493359464.29,5.71, -4.39, -93.57, -267.77, 42.06, -80.88, -455.88, -413.24
1493359464.75,5.42, -15.97, -163.57, -317.02, 50.00, -107.94, -458.24, -440.30
1493359465.03,5.71, -34.05, -189.29, -317.92, 51.76, -113.83, -452.35, -441.77
1493359465.3,5.71, -33.48, -233.00, -335.83, 52.94, -138.24, -460.30, -425.30
1493359465.57,6.00, -28.96, -239.00, -299.71, 55.88, -158.53, -459.71, -428.53
1493359465.85,5.71, -22.47, -260.43, -327.47, 51.18, -149.41, -459.12, -422.06
1493359466.12,5.1, -19.36, -243.86, -351.05, 50.59, -132.06, -462.06, -440.30
1493359466.58,5.71, -29.81, -265.29, -417.02, 43.53, -127.65, -359.71, -345.59
1493359466.95,5.71, -9.47, -229.29, -388.06, 45.88, -117.35, -350.59, -374.71
1493359467.31,5.71, -11.73, -59.29, -673.44, 55.29, -283.53, -360.00, -350.88
1493359467.68,5.14, -12.86, -163.86, -417.92, 43.82, -129.71, -326.18, -366.77
1493359468.04,5.42, -1.28, -143.57, -474.03, 46.47, -94.41, -350.59, -387.35
1493359468.41,5.14, 0.70, -58.43, -559.41, 56.18, -190.59, -424.41, -400.30
1493359468.87,5.14, -12.58, -31.29, -789.86, 45.29, -279.41, -499.71, -477.06
1493359469.23,5.42, -34.05, -265.29, -542.99, 34.12, -244.12, -590.88, -494.41
1493359469.51,6.00, -29.81, -300.43, -491.35, 25.59, -241.47, -541.77, -437.94
1493359469.78,5.42, -23.03, -258.43, -491.05, 30.59, -223.83, -550.00, -467.65
1493359470.15,6.00, -27.83, -261.29, -482.69, 35.00, -221.77, -537.06, -445.59
1493359470.51,5.71, -19.64, -225.29, -454.93, 25.29, -207.65, -529.71, -462.35
1493359470.78,5.71, -30.66, -244.71, -416.72, 27.35, -225.59, -545.00, -485.00
1493359471.15,6.00, -51.84, -246.14, -284.78, 58.23, -270.59, -529.41, -460.00
1493359471.43,5.71, -58.06, -233.86, -134.63, 57.35, -289.12, -541.47, -482.94
1493359471.88,5.42, -76.70, -245.86, -82.99, 49.41, -305.30, -566.47, -644.71
1493359472.25,5.42, -117.38, -261.00, -56.42, 39.12, -317.94, -625.30, -713.83
1493359472.62,5.14, -380.94, -332.14, -103.29, -91.77, -337.06, -651.18, -750.30
1493359473.07,5.42, -552.69, -382.71, -100.60, -195.00, -360.30, -663.53, -682.94
1493359473.53,5.14, -380.94, -451.57, -127.77, -168.24, -416.77, -643.53, -693.24
1493359473.89,5.14, -383.77, -493.00, -102.09, -181.18, -377.06, -599.71, -662.06
1493359474.26,4.85, -279.81, -360.71, -51.65, -71.77, -304.12, -534.41, -618.83
1493359474.54,4.57, -171.90, -327.86, -27.47, 0.59, -285.00, -463.82, -560.00
1493359474.81,4.57, -82.64, -296.71, -54.63, 13.82, -260.30, -463.53, -512.35
1493359475.27,4.85, -37.72, -278.43, -69.56, 6.47, -288.53, -482.65, -450.30
1493359475.72,4.57, -39.70, -355.57, -26.27, -152.35, -325.88, -521.47, -503.53
1493359476.09,4.00, -69.36, -417.00, -25.68, -139.41, -367.35, -515.30, -521.47
1493359476.36,4.28, -58.34, -445.29, -40.30, -105.88, -388.83, -510.00, -552.06
1493359476.64,4.00, -37.16, -439.29, -34.33, -61.77, -383.83, -497.94, -561.47
1493359477.1,4.28, -46.48, -397.29, -23.59, -60.30, -356.18, -493.82, -560.59
1493359477.55,4.00, -74.73, 2501.29, -39.11, -44.12, -335.00, -500.30, -546.47
1493359478.01,4.00, -78.96, -386.71, -44.18, -46.77, -325.88, -502.94, -545.30
1493359478.28,4.28, -69.64, -305.00, -36.12, -42.06, -307.35, -512.06, -547.06
1493359478.56,4.00, -75.01, -373.57, -43.89, -38.53, -360.30, -512.65, -567.35
1493359478.92,4.28, -84.90, -460.71, -52.84, -34.12, -400.88, -519.71, -577.06
1493359479.29,4.28, -47.04, -491.86, -99.41, 25.29, -339.41, -492.94, -472.94
1493359479.75,4.28, 13.41, -268.14, -161.80, 27.65, -142.94, -355.88, -297.35
1493359480.21,4.00, 13.13, -235.86, -465.98, 32.35, -115.00, -300.00, -222.06
1493359480.57,4.57, 10.58, -238.71, -579.41, 32.65, -109.12, -316.77, -246.18
1493359480.93,5.14, 8.89, -233.29, -674.33, 32.35, -105.88, -344.12, -324.12
1493359481.3,4.57, 7.19, -236.43, -579.41, 13.82, -102.94, -378.82, -305.00
1493359481.76,4.28, 6.06, -178.71, -382.39, 9.12, -116.47, -384.41, -304.12
1493359482.22,6.00, 6.63, -169.00, -202.69, 21.76, -127.35, -350.59, -309.71
1493359482.58,4.57, 5.78, -123.57, -202.09, 16.47, -113.24, -380.30, -341.47
1493359482.95,4.28, 5.22, -193.57, -290.45, 16.76, -135.59, -408.24, -364.12
1493359483.31,4.57, 5.22, -283.00, -305.38, 35.29, -164.41, -435.88, -359.12
1493359483.77,4.57, 5.22, -313.00, -310.15, 32.06, -156.47, -428.53, -344.41
1493359484.32,4.57, 5.50, -247.57, -277.32, 24.41, -119.41, -406.77, -327.94
1493359484.78,4.57, 6.35, -119.57, -194.63, 20.59, -107.06, -384.12, -310.00
1493359485.14,4.57, 5.0, -95.86, -186.27, 20.88, -112.65, -387.35, -323.24
1493359485.42,4.57, 4.09, -211.00, -247.17, 32.35, -140.88, -407.94, -355.00
1493359485.87,4.57, 4.09, -277.57, -274.63, 40.00, -166.77, -390.00, -375.30
1493359486.24,4.85, 6.06, -277.86, -262.09, 45.59, -138.24, -323.24, -334.71
1493359486.61,7.14, 6.63, -234.14, -238.51, 42.94, -133.53, -270.59, -295.88
1493359486.97,9.42, 5.22, -219.29, -149.26, 50.00, -160.00, -246.47, -337.06
1493359487.34,5.42, 4.37, -218.43, -167.77, 55.29, -161.77, -264.12, -406.77
1493359487.8,4.85, -1.84, -239.29, -31.95, 44.41, -224.41, -307.65, -441.77
