1493359764.19,.48, -784.14, -334.93, 55.59, -584.12, -362.65, -360.30
1493359764.19,3.71, 5.22, -762.71, -283.29, 59.70, -608.53, -336.18, -326.47
1493359764.19,3.42, 7.48, -784.14, -334.93, 55.59, -584.12, -362.65, -360.30
1493359764.19,3.71, 5.22, -762.71, -283.29, 59.70, -608.53, -336.18, -326.47
1493359765.21,3.42, 7.48, -784.14, -334.93, 4.57, 6.06, -599.57, -179.71, 32.65, -420.00, -439.41, -454.41
1493359765.48,4.57, 0.42, -616.71, -465.68, 38.23, -341.18, -534.41, -425.00
1493359765.76,5.42, -28.40, -611.29, -471.95, 55.88, -346.18, -504.12, -452.35
1493359766.03,5.42, -23.31, -835.57, -712.24, 58.53, -395.59, -459.71, -446.77
1493359766.4,5.42, -36.59, -1006.71, -822.09, 74.41, -499.12, -557.94, -439.12
1493359766.77,5.71, -105.52, -1081.57, -871.65, 67.65, -412.65, -577.06, -475.59
1493359767.13,6.00, -80.94, -791.00, -726.27, 40.00, -286.18, -473.53, -475.88
1493359767.5,6.00, -51.56, -630.71, -599.71, 27.06, -254.71, -434.41, -430.30
1493359767.95,5.42, -23.03, -595.00, -571.65, 28.82, -228.24, -431.77, -384.12
1493359768.32,5.14, -22.47, -377.86, -481.20, 35.00, -178.24, -372.65, -356.47
1493359768.59,5.14, -19.08, -298.14, -413.44, 41.18, -178.53, -358.24, -363.83
1493359768.78,5.14, -10.88, -275.00, -380.00, 41.47, -174.71, -378.82, -371.47
1493359768.96,5.42, -14.84, -317.29, -442.39, 50.00, -192.06, -384.41, -377.35
1493359769.14,5.42, -26.14, -455.57, -518.81, 51.76, -230.00, -378.82, -363.53
1493359769.33,5.14, -24.73, -403.57, -468.66, 46.76, -211.47, -406.77, -357.65
1493359769.51,5.14, -16.82, -317.00, -443.59, 50.59, -205.00, -391.18, -364.71
1493359769.87,5.14, -10.88, -315.57, -439.71, 40.29, -170.59, -411.18, -361.47
1493359770.24,5.42, -11.17, -292.43, -439.71, 32.35, -161.47, -389.12, -365.59
1493359770.61,5.42, -13.14, -346.14, -480.00, 40.88, -188.24, -389.71, -379.12
1493359771.06,5.42, -28.12, -514.14, -565.98, 43.82, -233.53, -397.94, -381.18
1493359771.52,5.42, -21.62, -434.14, -519.11, 37.65, -197.06, -396.77, -374.41
1493359771.89,5.2, -22.75, -436.43, -539.11, 35.59, -195.00, -395.59, -368.83
1493359772.25,5.42, -20.77, -414.43, -524.48, 33.23, -187.06, -395.30, -360.59
1493359772.62,5.14, -11.45, -324.71, -472.84, 27.94, -172.94, -392.94, -357.06
1493359772.89,5.14, -10.88, -243.00, -397.02, 28.23, -162.35, -385.88, -350.30
1493359773.26,5.14, -7.78, -232.43, -378.21, 28.23, -158.53, -377.06, -345.00
1493359773.53,5.14, -6.65, -204.43, -365.68, 30.59, -156.77, -388.53, -347.94
1493359773.81,5.42, -12.58, -333.86, -464.18, 36.47, -190.88, -380.00, -368.83
1493359774.08,5.42, -24.16, -451.57, -507.77, 43.53, -226.18, -382.94, -378.24
1493359774.36,5.71, -28.68, -521.00, -541.20, 44.12, -233.83, -383.53, -370.30
1493359774.63,5.42, -19.92, -472.14, -527.77, 42.65, -212.06, -399.12, -358.53
1493359775.09,5.14, -13.14, -427.57, -524.48, 33.23, -194.41, -403.24, -350.30
1493359775.45,5.14, -8.34, -389.86, -531.65, 31.76, -174.12, -407.35, -344.41
1493359775.82,5.14, -7.78, -364.43, -514.63, 29.70, -170.00, -409.12, -347.06
1493359776.18,5.14, -13.71, -384.71, -486.87, 29.12, -182.06, -392.06, -355.59
1493359776.55,5.42, -8.62, -396.14, -500.60, 35.88, -183.24, -403.53, -357.65
1493359776.92,5.14, -5.52, -458.43, -592.54, 57.35, -170.59, -401.47, -372.65
1493359777.37,4.85, 0.13, -573.86, -829.86, 77.94, -217.94, -455.88, -412.65
1493359777.74,4.28, 4.94, -865.57, -1161.80, 85.00, -297.35, -492.35, -486.47
1493359778.01,4.28, 1.55, -919.57, -1360.00, 88.82, -275.00, -529.12, -510.30
1493359778.29,4.28, -1.84, -820.14, -1293.74, 86.76, -239.12, -540.88, -517.35
1493359778.65,4.28, -3.54, -767.57, -1328.06, 85.00, -206.77, -530.00, -501.47
1493359779.02,4.28, 0.42, -677.00, -1256.72, 82.94, -182.06, -539.71, -505.00
1493359779.3,4.28, -1.00, -601.86, -1191.65, 82.35, -176.47, -527.06, -498.83
1493359779.66,4.28, -5.23, -607.57, -1151.95, 88.23, -227.35, -533.82, -524.41
1493359779.93,4.57, -4.39, -913.57, -1308.06, 93.53, -289.71, -545.88, -530.59
1493359780.39,4.57, -4.67, -1021.57, -1311.05, 91.76, -306.47, -549.41, -525.30
1493359780.76,4.28, -4.10, -821.86, -1093.44, 73.82, -251.77, -483.53, -547.65
1493359781.12,4.57, -15.12, -653.57, -742.69, 61.76, -285.59, -488.24, -446.18
1493359781.58,4.85, -27.83, -551.86, -470.15, 52.35, -305.59, -385.59, -365.30
1493359782.04,5.14, -22.18, -428.14, -238.51, 48.82, -373.53, -283.53, -278.53
1493359782.4,5.42, -31.79, -405.57, -117.92, 41.76, -413.53, -267.65, -207.06
1493359782.77,5.42, -13.99, -398.71, -111.35, 29.41, -407.65, -266.77, -213.24
1493359783.04,5.14, -12.01, -351.57, -152.84, 50.00, -304.12, -233.82, -233.24
1493359783.32,4.85, -6.36, -296.43, -181.50, 40.59, -294.71, -261.47, -241.47
1493359783.77,4.85, -3.26, -290.43, -173.44, 35.29, -306.77, -286.18, -237.65
1493359784.23,4.85, -2.13, -227.57, -146.57, 28.53, -271.47, -270.00, -252.35
1493359784.6,4.85, -2.13, -208.14, -157.32, 34.12, -263.24, -277.35, -250.00
1493359784.87,4.85, -4.10, -217.29, -165.68, 27.35, -265.59, -281.47, -290.30
1493359785.14,5.14, -4.95, -241.57, -175.83, 29.41, -274.71, -295.30, -305.00
1493359785.6,4.85, -8.62, -355.00, -220.30, 42.65, -320.88, -302.35, -326.18
1493359786.06,4.85, -12.86, -397.57, -242.99, 45.00, -325.88, -307.35, -328.53
1493359786.52,5.14, -6.08, -297.29, -236.72, 35.29, -303.83, -311.77, -326.18
1493359786.79,4.85, -6.93, -292.43, -216.42, 26.47, -302.06, -312.35, -327.94
1493359787.07,4.57, -3.54, -257.29, -190.75, 26.18, -280.00, -322.94, -313.24
1493359787.43,4.85, -2.41, -226.43, -178.21, 26.76, -276.77, -315.59, -310.00
1493359787.8,4.57, 0.42, -205.86, -158.51, 36.18, -285.59, -324.71, -300.59
1493359788.25,4.57, 0.98, -208.14, -157.62, 32.65, -302.06, -325.59, -301.77
1493359788.71,4.57, 4.65, -279.00, -151.35, 71.76, -316.18, -280.00, -328.24
1493359789.08,4.57, 5.50, -408.71, -262.09, 80.29, -383.24, -243.24, -334.41
1493359789.45,4.00, 5.50, -445.29, -198.21, 82.35, -472.35, -247.06, -365.88
1493359789.81,4.00, 3.24, -330.71, -42.99, 44.41, -517.65, -290.59, -436.77
