1493359326.01,.38, 67.94, -223.53, -413.24, -384.71
1493359326.01,4.85, 5.50, -279.86, -77.02, 63.23, -226.47, -445.88, -431.18
1493359326.01,4.85, 7.48, -402.43,  -125.38, 67.94, -223.53, -413.24, -384.71
1493359326.01,4.85, 5.50, -279.86, -77.02, 63.23, -226.47, -445.88, -431.18
1493359327.03,4.85, 7.48, -402.43, 5.14, 2.68, -331.29, -300.00, 39.12, -200.88, -374.41, -307.65
1493359327.3,4.85, 5.22, -380.14, -333.44, 43.53, -178.53, -376.18, -388.83
1493359327.58,4.57, 4.94, -336.14, -307.47, 35.00, -147.65, -394.12, -423.24
1493359327.85,5.14, 1.26, -263.29, -269.56, 42.06, -146.18, -426.47, -472.35
1493359328.22,4.85, 3.24, -311.00, -373.14, 48.23, -155.88, -458.53, -407.35
1493359328.59,4.85, 3.81, -334.71, -690.15, 38.23, -77.94, -469.41, -387.94
1493359328.95,5.14, 1.26, -228.71, -463.89, 31.47, -65.00, -431.77, -413.53
1493359329.32,5.42, 0.13, -291.86, -503.29, 42.06, -109.71, -474.12, -399.71
1493359329.77,5.14, 0.70, -295.29, -545.68, 30.00, -86.47, -465.00, -381.77
1493359330.14,5.14, 1.55, -247.57, -594.63, 28.23, -69.41, -452.06, -403.83
1493359330.41,5.42, 0.98, -204.43, -456.12, 36.18, -60.00, -410.59, -401.77
1493359330.6,5.14, 0.98, -171.86, -350.45, 35.00, -46.77, -378.82, -383.83
1493359330.78,5.42, 1.83, -122.71, -300.90, 35.29, -48.53, -366.47, -375.59
1493359330.96,5.14, 1.83, -128.43, -337.92, 37.35, -57.65, -379.12, -372.06
1493359331.15,5.42, 0.70, -159.86, -346.27, 39.41, -74.71, -396.47, -346.77
1493359331.33,5.42, -0.15, -212.14, -305.68, 45.29, -106.47, -426.47, -350.59
1493359331.7,5.71, 0.98, -294.14, -217.92, 50.88, -147.94, -429.41, -340.30
1493359332.06,7.14, 3.24, -283.57, -208.66, 45.88, -143.24, -417.35, -319.41
1493359332.43,7.71, 3.81, -232.43, -177.02, 40.00, -114.71, -393.82, -313.24
1493359332.88,8.28, 4.5, -122.14, -131.35, 32.65, -93.83, -373.53, -300.88
1493359333.34,5.42, 3.52, -121.29, -128.66, 36.76, -97.94, -384.12, -354.12
1493359333.71,5.14, 2.68, -247.00, -231.35, 46.18, -129.12, -395.59, -344.41
1493359334.07,5.14, 2.11, -227.86, -210.75, 39.70, -117.65, -395.00, -324.41
1493359334.44,7.14, 2.68, -160.43, -173.44, 31.18, -96.47, -385.30, -316.47
1493359334.71,7.14, 3.52, -124.14, -147.47, 30.29, -92.35, -376.77, -318.83
1493359335.08,8.28, 3.81, -119.57, -143.59, 32.06, -92.35, -373.24, -336.18
1493359335.35,7.14, 2.39, -167.29, -200.30, 40.00, -111.47, -380.00, -342.65
1493359335.63,5.14, 1.55, -246.14, -261.50, 44.41, -126.47, -403.53, -359.41
1493359335.9,5.14, 1.55, -281.29, -302.99, 46.76, -138.53, -404.12, -357.06
1493359336.18,5.2, 1.26, -293.29, -306.57, 44.70, -132.06, -415.30, -350.59
1493359336.45,7.42, 2.11, -259.00, -298.21, 39.12, -115.88, -409.71, -338.53
1493359336.82,7.71, 2.11, -236.71, -279.71, 32.65, -105.00, -413.82, -335.30
1493359337.27,8.00, 2.39, -168.71, -232.84, 25.88, -94.71, -377.94, -351.77
1493359337.64,7.71, 2.39, -125.57, -217.02, 33.23, -82.94, -335.59, -355.30
1493359338.0,5.14, 0.70, -202.71, -66.57, 58.82, -144.71, -367.35, -388.53
1493359338.37,5.14, -0.43, -246.71, -21.20, 63.23, -201.47, -414.71, -432.06
1493359338.74,5.14, -16.25, -259.86, -34.93, 62.35, -248.83, -502.35, -526.47
1493359339.19,5.71, -73.31, -464.71, -81.20, 62.94, -334.71, -584.41, -644.41
1493359339.56,5.42, -252.69, -496.71, -53.44, 38.23, -310.30, -592.65, -656.18
1493359339.83,5.42, -379.81, -425.00, -50.45, 16.76, -288.83, -586.47, -644.71
1493359340.11,5.42, -343.94, -378.43, -43.59, 10.59, -265.30, -576.18, -620.59
1493359340.47,5.42, -295.35, -351.00, -45.08, 20.29, -242.06, -548.82, -595.88
1493359340.84,5.42, -260.04, -438.43, -50.15, 25.29, -324.12, -534.12, -560.88
1493359341.11,5.42, -252.41, -483.57, -55.23, 17.65, -332.06, -530.59, -511.77
1493359341.48,5.42, -263.14, -487.86, -44.18, 25.88, -302.94, -507.94, -458.24
1493359341.75,5.42, -202.13, -431.29, -34.93, 32.35, -287.35, -507.35, -432.65
1493359342.21,4.85, -195.63, -496.43, -29.56, 33.53, -343.53, -509.41, -460.30
1493359342.58,5.14, -228.96, -503.29, -29.86, 27.65, -330.88, -520.88, -455.59
1493359342.94,5.14, -206.93, -478.14, -32.84, 22.65, -322.06, -517.06, -448.24
1493359343.4,5.14, -198.74, -465.00, -35.53, 15.29, -354.71, -528.24, -485.88
1493359343.86,5.42, -197.61, -517.00, -48.96, 38.82, -269.71, -458.53, -352.65
1493359344.22,4.85, 8.61, -256.43, -45.68, 33.53, -137.65, -368.24, -275.59
1493359344.59,5.14, 12.56, -139.29, -100.90, 36.47, -73.24, -272.94, -207.35
1493359344.86,5.42, 10.30, -103.86, -191.95, 41.18, -62.65, -254.12, -191.77
1493359345.14,5.14, 9.74, -120.43, -294.63, 47.94, -79.71, -271.77, -229.41
1493359345.59,5.42, 6.06, -223.86, -282.09, 39.41, -98.53, -312.94, -265.59
1493359346.05,5.71, 5.78, -157.57, -200.30, 38.82, -95.00, -305.59, -313.83
1493359346.42,5.42, 6.06, -131.57, -162.39, 36.47, -80.30, -313.53, -321.47
1493359346.69,5.14, 5.50, -92.43, -151.95, 41.47, -71.47, -311.47, -323.83
1493359346.97,5.42, 4.65, -138.71, -184.78, 47.65, -89.41, -323.24, -335.00
1493359347.42,5.14, 4.09, -251.86, -261.80, 55.59, -120.88, -348.53, -352.06
1493359347.88,5.14, 4.65, -287.00, -252.84, 53.23, -118.53, -343.82, -340.88
1493359348.34,5.14, 6.06, -236.71, -206.87, 53.23, -102.65, -323.53, -309.41
1493359348.61,5.42, 8.04, -230.43, -272.84, 65.00, -100.00, -268.24, -315.00
1493359348.89,8.00, 7.48, -262.71, -220.00, 71.76, -141.77, -243.53, -320.30
1493359349.25,5.42, 5.50, -243.29, -139.41, 72.06, -142.65, -226.47, -314.41
1493359349.62,4.85, 4.09, -257.86, -96.12, 68.53, -155.00, -264.71, -392.65
1493359350.07,5.42, 3.52, -242.71, -6.87, 70.59, -222.94, -420.59, -484.12
