1493359814.73,4.00, , -443.00, -95.83, .12, -647.06, -240.88, -293.53
1493359814.73,4.28, -20.21, -434.14, -16.12, 67.94, -630.30, -201.77, -241.77
1493359815.66,4.00, -20.21, -443.00, -95.83, 4.85, 0.70, -541.29, -296.42, 53.53, -445.59, -732.94, -933.83
1493359815.93,5.42, -2.69, -555.00, -447.77, 57.06, -409.71, -562.06, -513.83
1493359816.21,4.85, 2.11, -670.43, -334.93, 53.82, -363.83, -329.71, -241.47
1493359816.48,3.71, 2.96, -598.14, -307.77, 29.70, -347.65, -352.06, -370.88
1493359816.85,4.85, -4.67, -478.14, -271.35, 52.06, -309.71, -360.88, -320.88
1493359817.22,4.85, -0.15, -592.43, -581.20, 73.23, -321.18, -402.65, -433.24
1493359817.58,4.28, -13.71, -701.57, -405.98, 78.23, -335.30, -408.53, -337.35
1493359817.95,5.71, -32.07, -652.14, -401.50, 58.82, -267.65, -328.53, -251.18
1493359818.31,5.71, -88.29, -624.14, -490.75, 51.76, -224.12, -349.12, -370.88
1493359818.68,5.71, -55.80, -491.29, -432.24, 35.29, -174.71, -406.47, -355.59
1493359819.04,5.42, -35.18, -358.43, -389.26, 37.06, -170.59, -374.71, -365.00
1493359819.32,5.42, -41.68, -440.71, -465.08, 45.00, -243.53, -390.59, -404.71
1493359819.5,5.71, -86.31, -621.00, -528.66, 42.06, -286.47, -398.82, -389.41
1493359819.68,5.71, -62.30, -558.43, -535.23, 35.00, -230.59, -410.88, -363.53
1493359819.87,5.42, -29.53, -500.14, -561.50, 35.88, -213.53, -405.88, -392.06
1493359820.05,5.42, -23.60, -453.00, -533.44, 33.53, -200.30, -397.35, -420.30
1493359820.42,5.42, -19.64, -413.57, -473.44, 28.23, -173.53, -410.30, -398.24
1493359820.78,5.14, -16.82, -279.29, -380.00, 26.18, -158.83, -382.35, -382.94
1493359821.15,4.85, -13.99, -225.00, -308.36, 23.23, -157.94, -366.77, -368.83
1493359821.6,5.14, -17.66, -298.71, -419.41, 32.65, -197.65, -373.53, -396.77
1493359822.06,5.42, -34.05, -555.29, -524.48, 41.18, -257.94, -394.12, -415.00
1493359822.43,5.42, -44.22, -540.71, -499.11, 43.53, -219.71, -393.53, -397.65
1493359822.79,5.42, -22.47, -378.71, -432.84, 35.00, -165.00, -386.18, -374.41
1493359823.07,5.42, -18.79, -301.57, -409.56, 31.76, -159.12, -375.00, -374.71
1493359823.34,5.42, -17.10, -257.57, -364.18, 30.29, -163.24, -372.94, -372.35
1493359823.8,5.42, -15.40, -256.43, -351.35, 28.23, -188.53, -368.53, -375.30
1493359824.07,5.42, -28.96, -371.86, -422.39, 40.29, -195.59, -362.35, -387.65
1493359824.35,5.71, -49.58, -427.00, -463.59, 56.18, -212.06, -372.35, -388.83
1493359824.62,5.71, -65.97, -485.86, -499.41, 58.82, -229.41, -378.24, -390.88
1493359824.9,5.71, -54.39, -495.29, -496.42, 55.59, -217.06, -382.94, -386.18
1493359825.17,5.71, -46.48, -468.14, -481.80, 49.70, -200.88, -382.35, -372.65
1493359825.63,5.42, -31.79, -386.43, -447.77, 41.18, -177.35, -396.47, -349.12
1493359825.99,5.42, -20.77, -332.14, -364.18, 28.82, -181.18, -365.88, -325.00
1493359826.36,5.42, -36.31, -321.00, -269.86, 27.06, -207.65, -357.65, -331.18
1493359826.72,5.42, -39.13, -287.00, -272.84, 53.82, -206.47, -355.30, -370.88
1493359827.09,5.71, -54.10, -455.29, -321.50, 49.70, -269.71, -363.53, -371.47
1493359827.46,5.42, -56.36, -493.29, -307.47, 35.29, -248.53, -306.77, -333.24
1493359827.92,5.14, -32.64, -389.00, -157.92, 22.65, -240.59, -286.47, -314.12
1493359828.28,5.14, -15.69, -292.71, -131.35, 22.06, -257.35, -290.59, -294.71
1493359828.55,4.85, -5.23, -341.29, -212.24, 26.18, -248.83, -301.77, -265.88
1493359828.83,4.85, 2.96, -544.71, -536.72, 59.41, -294.12, -332.06, -280.59
1493359829.19,4.57, 7.76, -835.86, -902.39, 82.65, -344.41, -373.82, -315.30
1493359829.56,4.28, 5.22, -945.57, -988.66, 86.76, -325.59, -406.18, -343.53
1493359829.84,4.00, 1.26, -831.00, -1113.14, 87.06, -235.88, -440.59, -371.18
1493359830.2,4.57, 0.13, -720.71, -1121.20, 89.12, -182.94, -445.59, -414.12
1493359830.48,4.28, -2.97, -649.86, -1073.14, 89.41, -168.53, -449.41, -480.59
1493359830.93,4.28, -6.65, -599.29, -991.05, 81.18, -162.65, -474.12, -471.18
1493359831.3,4.28, -6.65, -747.00, -1089.86, 95.88, -229.12, -485.30, -471.47
1493359831.66,4.28, -8.62, -808.43, -1057.02, 90.00, -222.65, -474.71, -475.59
1493359832.12,4.57, -8.62, -616.43, -917.62, 73.23, -174.41, -468.82, -466.47
1493359832.58,4.28, -6.65, -506.14, -848.36, 72.94, -200.30, -467.06, -492.94
1493359832.95,4.28, -14.27, -781.86, -923.29, 83.23, -279.71, -448.53, -523.83
1493359833.31,4.57, -27.27, -703.86, -612.54, 63.82, -316.18, -390.00, -401.18
1493359833.58,5.14, -31.22, -509.86, -380.90, 56.47, -307.65, -323.53, -355.00
1493359833.86,5.14, -25.57, -416.43, -285.68, 44.70, -328.83, -281.18, -303.24
1493359834.31,5.42, -29.25, -340.71, -112.84, 49.12, -413.53, -261.18, -194.12
1493359834.77,5.42, -16.53, -327.29, -120.30, 43.23, -307.35, -220.59, -211.18
1493359835.14,4.85, -10.88, -243.00, -146.57, 44.70, -269.41, -240.30, -222.35
1493359835.41,4.85, -14.56, -288.14, -162.39, 49.41, -245.59, -252.06, -221.47
1493359835.69,4.85, -7.21, -224.14, -119.41, 38.82, -240.88, -255.88, -238.24
1493359836.14,5.14, -7.78, -193.57, -99.11, 36.18, -246.18, -255.30, -255.00
1493359836.6,5.14, -5.52, -207.00, -109.86, 35.59, -255.59, -259.71, -277.65
1493359837.06,5.4, -21.34, -317.29, -171.05, 54.41, -300.00, -273.24, -293.53
1493359837.33,5.14, -21.90, -352.14, -174.63, 50.29, -283.24, -275.00, -284.12
1493359837.61,5.42, -17.10, -273.00, -157.02, 38.53, -263.53, -263.24, -289.41
1493359837.97,5.42, -16.53, -246.43, -158.81, 37.35, -262.65, -257.35, -291.47
1493359838.34,5.14, -12.58, -220.71, -128.36, 33.82, -278.83, -254.12, -298.53
1493359838.79,4.85, -10.32, -228.14, -117.92, 35.00, -277.65, -282.06, -268.83
1493359839.25,4.85, -3.82, -194.43, -105.98, 46.18, -263.83, -287.35, -262.65
1493359839.62,4.85, -0.71, -239.86, -260.00, 62.06, -235.88, -360.88, -333.53
1493359839.99,4.85, -12.86, -430.14, -497.92, 77.35, -248.83, -384.71, -388.83
1493359840.35,4.85, -26.14, -498.14, -506.57, 61.18, -275.30, -385.88, -367.65
1493359840.81,5.14, -23.31, -441.29, -454.33, 53.53, -232.06, -390.30, -383.83
1493359841.26,4.85, -29.25, -407.00, -443.89, 64.70, -241.18, -391.77, -385.59
1493359841.63,5.42, -49.30, -457.00, -437.92, 67.94, -250.88, -394.71, -371.18
1493359842.0,5.14, -21.90, -412.43, -357.32, 72.94, -289.41, -349.41, -362.35
1493359842.36,5.14, 2.96, -388.43, -217.92, 76.47, -312.94, -284.41, -394.41
1493359842.82,4.28, 6.91, -396.14, -299.41, 80.88, -400.88, -250.00, -367.65
1493359843.37,3.71, 3.52, -345.00, -94.33, 37.35, -540.00, -281.47, -407.65
