1493359673.71,0, -597.94, -570.30, -525.00
1493359673.71,3.71, 0.13, -760.43, -305.68, 58.23, -607.35, -535.00, -406.18
1493359673.71,.00, -9.19, -867.00, -362.69, 65.00, -597.94, -570.30, -525.00
1493359673.71,3.71, 0.13, -760.43, -305.68, 58.23, -607.35, -535.00, -406.18
1493359674.73,4.85, -8.34, -733.57, -427.17, 47.35, -410.30, -365.00, -284.12
1493359675.01,4.85, -8.62, -665.00, -396.72, 48.23, -360.00, -307.94, -268.53
1493359675.28,4.57, -1.84, -616.43, -287.17, 4.41, -424.41, -405.30, -342.94
1493359675.55,4.85, -10.60, -625.00, -323.59, 15.00, -357.65, -389.71, -367.65
1493359675.92,4.85, -6.08, -507.86, -289.26, 10.29, -328.83, -369.41, -350.00
1493359676.29,4.85, -1.84, -450.71, -404.48, 43.82, -267.65, -397.94, -339.41
1493359676.65,4.85, -29.53, -632.14, -607.47, 72.06, -308.24, -508.82, -373.53
1493359677.02,6.00, -144.22, -743.57, -642.99, 78.82, -306.18, -501.77, -357.65
1493359677.48,6.00, -74.44, -704.71, -601.50, 56.76, -278.53, -465.30, -340.88
1493359677.84,6.00, -36.59, -580.71, -580.90, 50.59, -282.06, -435.59, -358.53
1493359678.11,5.71, -48.45, -751.57, -645.38, 62.65, -328.53, -499.41, -392.35
1493359678.3,6.00, -80.66, -673.57, -638.21, 70.00, -252.94, -499.41, -401.47
1493359678.48,6.00, -66.82, -510.14, -522.69, 56.76, -211.77, -462.35, -391.77
1493359678.66,5.42, -50.15, -479.57, -537.32, 57.94, -222.65, -520.00, -416.18
1493359678.85,5.71, -83.20, -557.57, -595.23, 58.82, -261.47, -517.35, -436.47
1493359679.03,5.71, -102.97, -636.14, -617.32, 56.18, -306.18, -532.06, -418.53
1493359679.4,5.42, -73.88, -503.57, -540.00, 41.76, -263.83, -512.06, -394.12
1493359679.76,5.42, -38.29, -485.29, -496.42, 40.59, -226.47, -500.88, -360.30
1493359680.13,5.14, -17.95, -297.57, -395.83, 30.88, -192.94, -463.24, -351.77
1493359680.58,5.42, -12.30, -255.00, -319.11, 25.00, -196.18, -449.12, -357.65
1493359681.04,5.14, -11.45, -249.57, -336.72, 26.76, -203.53, -440.59, -359.71
1493359681.41,5.42, -33.20, -511.57, -495.53, 42.06, -274.71, -444.41, -362.65
1493359681.77,5.71, -60.60, -647.00, -551.35, 40.00, -300.59, -445.59, -362.35
1493359682.14,5.42, -49.87, -549.57, -513.14, 35.29, -235.30, -435.00, -339.41
1493359682.42,5.71, -31.79, -418.43, -439.11, 30.88, -200.30, -429.12, -328.53
1493359682.78,5.14, -19.92, -363.29, -404.78, 25.59, -197.06, -426.18, -319.12
1493359683.05,5.14, -14.84, -285.29, -335.23, 18.82, -200.00, -416.77, -320.59
1493359683.33,5.14, -13.43, -269.00, -336.12, 23.23, -196.77, -426.18, -324.41
1493359683.6,5.14, -16.53, -375.00, -449.86, 30.88, -231.47, -437.35, -354.41
1493359683.88,5.42, -39.42, -489.29, -496.42, 43.53, -267.94, -424.12, -354.12
1493359684.15,5.14, -60.88, -575.57, -524.48, 44.41, -291.77, -441.18, -357.06
1493359684.61,5.42, -48.45, -558.14, -524.18, 40.88, -250.88, -424.41, -335.88
1493359684.98,5.14, -23.31, -358.14, -408.36, 29.70, -187.06, -412.65, -321.18
1493359685.34,5.42, -19.08, -315.29, -348.36, 21.76, -196.18, -406.47, -322.35
1493359685.7,5.42, -16.25, -265.00, -299.11, 19.12, -194.41, -384.41, -341.47
1493359686.07,5.42, -14.27, -365.00, -378.21, 28.53, -235.30, -370.59, -334.71
1493359686.44,5.42, -35.18, -540.43, -453.44, 38.23, -280.59, -398.82, -348.24
1493359686.9,5.42, -51.84, -609.86, -487.47, 40.29, -294.12, -409.41, -352.35
1493359687.26,5.42, -35.18, -546.43, -478.81, 50.88, -244.12, -414.41, -300.30
1493359687.54,5.42, -34.05, -645.00, -662.09, 65.59, -315.59, -382.06, -263.53
1493359687.81,6.00, -8.62, -775.86, -869.26, 60.29, -390.88, -309.41, -194.71
1493359688.17,6.28, -2.13, -780.43, -1008.96, 68.23, -404.12, -205.00, -131.47
1493359688.54,6.57, 1.83, -789.29, -1217.92, 43.53, -442.06, -150.88, -102.35
1493359688.81,6.00, 2.68, -848.71, -1309.26, 4.12, -508.24, -112.35, -97.65
1493359689.18,6.28, 2.68, -788.43, -1254.63, -20.59, -513.83, -107.65, -96.77
1493359689.46,6.28, 3.52, -713.86, -1171.95, -13.82, -469.12, -115.00, -107.94
1493359689.91,6.28, 1.55, -685.29, -1126.87, -8.24, -521.47, -132.35, -128.24
1493359690.28,6.00, 1.55, -678.14, -1005.98, -26.18, -548.24, -106.77, -104.71
1493359690.64,6.00, 2.39, -606.43, -899.71, -25.00, -489.12, -111.18, -116.47
1493359691.1,6.00, 2.96, -515.86, -783.89, -24.41, -445.30, -113.82, -124.71
1493359691.56,6.00, 3.52, -541.00, -878.21, -13.82, -568.53, -125.30, -134.41
1493359691.93,5.71, 2.68, -738.43, -907.17, -17.06, -619.71, -120.00, -125.88
1493359692.29,5.42, 1.83, -623.57, -606.57, -26.47, -490.88, -146.18, -165.88
1493359692.57,5.71, -3.54, -509.57, -254.03, 24.70, -380.59, -207.35, -204.12
1493359692.84,5.71, -8.34, -522.43, -171.35, 47.06, -367.35, -273.82, -251.47
1493359693.29,5.71, -21.34, -548.43, -168.06, 52.65, -312.06, -385.88, -351.18
1493359693.75,6.28, -102.69, -511.29, -149.26, 48.82, -333.83, -369.41, -359.12
1493359694.12,6.00, -59.75, -531.00, -151.05, 41.47, -316.77, -364.12, -343.83
1493359694.39,5.71, -34.90, -502.43, -173.44, 32.94, -270.88, -321.47, -320.30
1493359694.67,5.71, -18.79, -414.71, -170.45, 30.00, -260.30, -330.00, -310.00
1493359695.13,5.71, -7.21, -388.71, -171.65, 30.29, -227.65, -319.12, -281.77
1493359695.58,5.42, -2.69, -279.57, -73.74, 36.47, -236.18, -302.65, -283.53
1493359696.04,5.42, -1.28, -298.43, -103.59, 31.47, -264.41, -308.53, -300.30
1493359696.31,5.42, -14.27, -530.43, -174.03, 32.35, -316.47, -310.00, -309.12
1493359696.59,5.42, -21.90, -613.86, -195.83, 31.76, -340.59, -317.35, -320.30
1493359696.95,5.71, -21.62, -612.14, -191.35, 30.59, -325.30, -319.41, -308.24
1493359697.32,5.71, -8.91, -473.57, -162.39, 27.94, -275.30, -323.82, -292.94
1493359697.78,5.42, -1.84, -348.71, -116.12, 29.70, -272.65, -331.18, -287.65
1493359698.23,5.42, 2.96, -328.43, -71.95, 41.18, -320.30, -307.35, -341.18
1493359698.6,5.42, 5.78, -370.71, -155.23, 43.23, -302.06, -277.94, -357.35
1493359698.97,4.85, 5.50, -532.71, -240.90, 63.23, -436.18, -191.47, -299.12
1493359699.33,4.28, 1.83, -489.86, -152.24, 50.59, -560.00, -375.00, -582.65
