1493359947.48,-491.47,  -88.96, 68.23, -507.35, -230.88, -239.12
1493359947.48,3.42, -6.93, -456.14, -148.96, 79.12, -467.94, -211.18, 252.94
1493359947.48,3.71, -2.97, -524.71, -88.96, 68.23, -507.35, -230.88, -239.12
1493359948.41,3.42, -6.93, -456.14, -148.96, 79.12, -467.94, -211.18, 2.28, 0.42, -613.29, -244.78, 53.53, -465.00, -468.82, -535.30
1493359948.68,4.28, 0.13, -709.57, -271.65, 49.12, -484.71, -374.12, -353.83
1493359948.96,4.00, 5.22, -812.71, -461.50, 51.47, -419.41, -443.24, -370.00
1493359949.23,4.57, 2.68, -828.43, -674.03, 42.35, -350.59, -351.47, -308.24
1493359949.6,4.28, 0.98, -699.00, -545.08, 73.82, -248.53, -362.94, -301.77
1493359949.97,4.57, 2.68, -684.43, -581.20, 62.35, -251.77, -371.18, -325.00
1493359950.33,4.85, 2.11, -695.29, -585.08, 58.53, -252.65, -333.82, -328.83
1493359950.69,4.57, 0.98, -668.71, -520.00, 34.70, -248.53, -386.77, -341.47
1493359951.06,4.57, -0.71, -599.00, -482.09, 26.76, -290.00, -516.77, -409.12
1493359951.43,4.28, -3.82, -745.57, -603.29, 70.29, -295.88, -557.94, -446.47
1493359951.79,4.57, -5.52, -670.43, -589.86, 46.47, -205.00, -532.06, -411.18
1493359952.07,4.28, -2.69, -517.00, -540.30, 40.59, -173.83, -487.06, -376.18
1493359952.25,4.85, -2.97, -439.57, -515.23, 42.94, -158.24, -500.00, -390.88
1493359952.43,4.85, -1.84, -409.00, -504.48, 45.00, -145.88, -520.59, -413.83
1493359952.62,4.57, -1.00, -389.29, -524.18, 50.88, -152.65, -510.59, -412.65
1493359952.8,4.57, -0.43, -434.71, -585.68, 56.76, -181.18, -517.65, -425.30
1493359953.16,4.28, -3.82, -595.86, -653.74, 63.53, -245.88, -549.41, -468.83
1493359953.53,4.28, -8.91, -684.14, -663.59, 75.88, -246.47, -555.59, -494.71
1493359953.9,4.85, -6.65, -537.00, -635.83, 62.65, -177.65, -572.35, -462.06
1493359954.35,4.57, -4.95, -452.14, -535.53, 57.94, -157.35, -532.35, -417.35
1493359954.81,4.85, -1.56, -347.86, -473.14, 54.41, -151.18, -511.47, -407.65
1493359955.18,4.57, -3.82, -487.57, -540.90, 52.06, -203.24, -474.41, -417.94
1493359955.54,4.57, -6.93, -624.14, -559.11, 56.76, -260.59, -477.65, -416.77
1493359955.81,4.85, -6.36, -626.43, -538.81, 52.06, -245.59, -472.35, -416.18
1493359956.09,4.85, -4.10, -567.29, -529.56, 46.76, -222.06, -455.00, -407.94
1493359956.36,4.57, -2.97, 1799.00, -486.87, 41.18, -214.12, -12642.65, -363.83
1493359956.64,4.57, -2.69, -481.86, -360.30, 34.70, -227.65, -408.24, -324.41
1493359956.91,4.85, -1.28, -458.43, -247.17, 20.59, -256.47, -388.24, -331.47
1493359957.19,4.57, -2.97, -482.43, -220.60, 28.23, -296.77, -376.77, -367.35
1493359957.46,4.85, -5.52, -583.29, -264.18, 41.47, -349.12, -402.94, -381.18
1493359957.74,4.85, -5.80, -632.43, -277.32, 47.94, -332.94, -397.65, -366.47
1493359958.01,4.85, -3.82, -549.00, -245.08, 32.94, -288.24, -392.35, -370.30
1493359958.56,4.57, -1.84, -462.14, -216.42, 25.29, -234.12, -384.71, -323.53
1493359958.92,4.85, 0.13, -317.57, -162.69, 20.59, -215.59, -376.18, -314.71
1493359959.29,4.85, 0.70, -263.00, -134.93, 20.29, -216.47, -366.18, -312.06
1493359959.66,4.85, 0.42, -283.29, -170.45, 25.00, -228.24, -365.88, -342.65
1493359960.02,4.57, -1.56, -432.71, -233.14, 32.06, -267.65, -368.82, -371.47
1493359960.39,4.85, -4.10, -549.00, -273.74, 35.59, -298.53, -377.65, -372.35
1493359960.75,4.57, -2.69, -539.86, -269.26, 30.59, -254.71, -374.71, -346.47
1493359961.03,4.85, -1.00, -427.86, -231.05, 22.65, -230.88, -370.30, -348.83
1493359961.3,4.57, 0.13, -390.14, -222.39, 28.23, -219.12, -319.71, -343.53
1493359961.58,4.85, 1.26, -413.00, -323.29, 58.23, -215.59, -353.53, -385.59
1493359961.94,4.85, -0.15, -521.86, -410.45, 63.82, -241.77, -402.94, -414.41
1493359962.31,4.85, -2.69, -631.00, -452.54, 53.23, -274.41, -398.53, -387.94
1493359962.68,4.57, -1.56, -577.86, -434.93, 57.65, -252.35, -367.35, -365.00
1493359963.04,4.57, -4.39, -467.86, -216.12, 29.41, -306.77, -271.18, -252.94
1493359963.5,5.14, -20.49, -436.14, -26.87, 11.47, -398.83, -201.77, -151.77
1493359963.86,6.00, -29.53, -300.43, -11.95, 12.94, -329.41, -155.00, -141.77
1493359964.23,6.57, -57.21, -261.00, -5.68, 14.70, -312.06, -110.59, -103.83
1493359964.6,6.85, -65.97, -192.14, -2.39, 23.53, -278.83, -92.35, -75.59
1493359964.96,6.85, -66.53, -167.86, -1.50, 30.00, -241.18, -85.88, -79.71
1493359965.42,6.85, -65.97, -166.71, -2.09, 28.53, -293.53, -97.06, -76.47
1493359965.78,6.85, -57.49, -265.29, -3.59, 37.35, -279.41, -103.24, -86.18
1493359966.15,6.85, -27.83, -191.57, -4.18, 38.53, -218.83, -98.24, -81.18
1493359966.42,6.28, -20.49, -136.71, -4.48, 37.06, -200.30, -110.59, -85.00
1493359966.7,6.28, -20.77, -123.00, -3.29, 38.53, -201.77, -110.00, -85.88
1493359967.16,6.28, -18.79, -120.43, -2.99, 40.59, -202.65, -111.18, -88.24
1493359967.61,6.28, -24.44, -193.00, -4.18, 37.94, -259.71, -108.82, -93.83
1493359967.89,6.57, -31.51, -253.00, -4.18, 40.59, -255.00, -117.65, -95.30
1493359968.16,6.28, -23.03, -232.71, -5.08, 38.82, -221.77, -114.71, -92.94
1493359968.43,6.57, -23.60, -189.86, -5.38, 37.65, -186.77, -125.88, -93.24
1493359968.89,6.28, -14.27, -134.43, -6.87, 38.53, -152.65, -121.47, -97.06
1493359969.35,6.00, -4.10, -121.00, -9.56, 42.06, -162.06, -129.41, -128.53
1493359969.81,5.71, -0.15, -168.71, -10.75, 52.94, -151.18, -159.41, -153.24
1493359970.08,5.42, 4.09, -264.43, -27.17, 62.65, -164.41, -188.82, -177.35
1493359970.36,4.85, 6.35, -357.00, -203.29, 72.35, -161.47, -245.59, -217.06
1493359970.72,4.57, 6.35, -442.43, -366.57, 75.00, -141.47, -329.12, -341.77
1493359971.09,4.28, 6.35, -426.71, -438.51, 70.59, -117.35, -361.18, -401.47
1493359971.54,4.28, 3.52, -507.29, -471.35, 77.35, -162.65, -392.35, -339.12
1493359972.0,4.57, 3.24, -373.00, -502.09, 59.41, -142.65, -386.18, -367.35
1493359972.37,4.28, 2.39, -361.57, -465.08, 62.06, -134.12, -388.53, -368.24
1493359972.73,4.57, 2.96, -337.29, -415.83, 60.59, -114.71, -380.88, -368.53
1493359973.1,4.57, 1.83, -281.00, -377.92, 51.76, -110.00, -390.00, -361.47
1493359973.55,4.57, 1.83, -275.29, -357.62, 51.18, -125.00, -368.53, -368.53
1493359974.01,4.57, 0.98, -401.00, -405.08, 65.29, -180.59, -376.47, -381.47
1493359974.38,4.57, 0.70, -495.29, -416.12, 66.18, -187.35, -354.41, -387.65
1493359974.75,4.57, 1.55, -437.00, -377.02, 61.18, -157.35, -353.82, -370.30
1493359975.11,4.57, 2.68, -334.14, -345.38, 50.88, -124.41, -358.24, -358.24
1493359975.57,4.57, 2.96, -250.14, -275.23, 41.47, -123.24, -340.00, -352.65
1493359976.02,4.57, -11879.81, -228.43, -285.38, 42.65, -131.47, -351.47, -374.12
1493359976.48,4.57, 2.68, -400.71, -381.50, 61.18, -186.47, -350.88, -391.47
1493359976.85,4.28, 1.26, -505.86, -404.18, 65.88, -194.41, -357.94, -383.83
1493359977.21,4.57, 2.39, -445.29, -391.95, 62.65, -160.88, -356.47, -375.88
1493359977.67,4.28, 3.24, -365.29, -371.35, 62.94, -142.06, -370.88, -357.65
1493359978.04,4.28, 4.94, -306.71, -353.14, 78.23, -141.18, -355.59, -346.18
1493359978.4,4.28, 5.22, -304.43, -292.24, 79.41, -186.47, -273.24, -325.59
1493359978.68,4.28, 5.50, -342.43, -281.50, 82.65, -217.94, -214.12, -275.59
1493359979.04,3.42, 5.22, -456.43, -381.20, 87.06, -360.88, -188.24, -281.47
1493359979.5,3.14, 1.83, -356.14, -158.81, 54.12, -432.06, -281.18, -423.83
